4
[(7.90,7.90)(7.80,7.80)][(8.00,8.00)(8.10,8.10)][(8.00,10.00)(8.10,10.10)][(8.00,6.00)(8.10,6.10)]
[(7.90,7.90)(7.80,7.80)][(8.00,8.00)(8.10,8.10)][(8.06,10.19)(8.16,10.29)][(7.95,5.91)(8.05,6.01)]
[(7.90,7.90)(7.80,7.80)][(8.00,8.00)(8.10,8.10)][(8.11,10.00)(8.21,10.10)][(7.89,5.81)(7.99,5.91)]
[(7.90,7.90)(7.80,7.80)][(8.00,8.00)(8.10,8.10)][(8.16,10.10)(8.26,10.20)][(7.84,5.87)(7.94,5.97)]
[(7.90,7.90)(7.80,7.80)][(8.00,8.00)(8.10,8.10)][(8.20,10.06)(8.30,10.16)][(7.78,5.84)(7.88,5.94)]
[(7.90,7.90)(7.80,7.80)][(8.00,8.00)(8.10,8.10)][(8.26,10.12)(8.36,10.22)][(7.74,5.96)(7.84,6.06)]
[(7.90,7.90)(7.80,7.80)][(8.00,8.00)(8.10,8.10)][(8.33,10.00)(8.43,10.10)][(7.67,5.85)(7.77,5.95)]
[(7.90,7.90)(7.80,7.80)][(8.00,8.00)(8.10,8.10)][(8.38,10.03)(8.48,10.13)][(7.62,5.94)(7.72,6.04)]
[(7.90,7.90)(7.80,7.80)][(8.00,8.00)(8.10,8.10)][(8.43,10.14)(8.53,10.24)][(7.56,5.95)(7.66,6.05)]
[(7.90,7.90)(7.80,7.80)][(8.00,8.00)(8.10,8.10)][(8.48,10.07)(8.58,10.17)][(7.51,6.04)(7.61,6.14)]
[(7.90,7.90)(7.80,7.80)][(8.00,8.00)(8.10,8.10)][(8.55,9.96)(8.65,10.06)][(7.47,5.90)(7.57,6.00)]
[(7.90,7.90)(7.80,7.80)][(8.00,8.00)(8.10,8.10)][(8.55,10.01)(8.65,10.11)][(7.41,5.99)(7.51,6.09)]
[(7.90,7.90)(7.80,7.80)][(8.00,8.00)(8.10,8.10)][(8.62,9.98)(8.72,10.08)][(7.36,6.03)(7.46,6.13)]
[(7.90,7.90)(7.80,7.80)][(8.00,8.00)(8.10,8.10)][(8.70,9.99)(8.80,10.09)][(7.30,6.00)(7.40,6.10)]
[(7.90,7.90)(7.80,7.80)][(8.00,8.00)(8.10,8.10)][(8.71,9.90)(8.81,10.00)][(7.29,5.98)(7.39,6.08)]
[(7.90,7.90)(7.80,7.80)][(8.00,8.00)(8.10,8.10)][(8.80,9.94)(8.90,10.04)][(7.24,5.98)(7.34,6.08)]
[(7.90,7.90)(7.80,7.80)][(8.00,8.00)(8.10,8.10)][(8.83,9.99)(8.93,10.09)][(7.18,5.98)(7.28,6.08)]
[(7.90,7.90)(7.80,7.80)][(8.00,8.00)(8.10,8.10)][(8.85,9.94)(8.95,10.04)][(7.14,6.04)(7.24,6.14)]
[(7.90,7.90)(7.80,7.80)][(8.00,8.00)(8.10,8.10)][(8.93,9.97)(9.03,10.07)][(7.08,6.03)(7.18,6.13)]
[(7.90,7.90)(7.80,7.80)][(8.00,8.00)(8.10,8.10)][(8.99,9.80)(9.09,9.90)][(6.99,6.21)(7.09,6.31)]
[(7.90,7.90)(7.80,7.80)][(8.00,8.00)(8.10,8.10)][(9.05,9.85)(9.15,9.95)][(7.03,6.20)(7.13,6.30)]
[(7.90,7.90)(7.80,7.80)][(8.00,8.00)(8.10,8.10)][(9.02,9.75)(9.12,9.85)][(6.94,6.18)(7.04,6.28)]
[(7.90,7.90)(7.80,7.80)][(8.00,8.00)(8.10,8.10)][(9.14,9.74)(9.24,9.84)][(6.90,6.18)(7.00,6.28)]
[(7.90,7.90)(7.80,7.80)][(8.00,8.00)(8.10,8.10)][(9.15,9.76)(9.25,9.86)][(6.81,6.19)(6.91,6.29)]
[(7.90,7.90)(7.80,7.80)][(8.00,8.00)(8.10,8.10)][(9.19,9.74)(9.29,9.84)][(6.86,6.30)(6.96,6.40)]
[(7.90,7.90)(7.80,7.80)][(8.00,8.00)(8.10,8.10)][(9.18,9.73)(9.28,9.83)][(6.76,6.34)(6.86,6.44)]
[(7.90,7.90)(7.80,7.80)][(8.00,8.00)(8.10,8.10)][(9.28,9.65)(9.38,9.75)][(6.75,6.39)(6.85,6.49)]
[(7.90,7.90)(7.80,7.80)][(8.00,8.00)(8.10,8.10)][(9.27,9.60)(9.37,9.70)][(6.69,6.37)(6.79,6.47)]
[(7.90,7.90)(7.80,7.80)][(8.00,8.00)(8.10,8.10)][(9.38,9.54)(9.48,9.64)][(6.65,6.47)(6.75,6.57)]
[(7.90,7.90)(7.80,7.80)][(8.00,8.00)(8.10,8.10)][(9.43,9.50)(9.53,9.60)][(6.61,6.44)(6.71,6.54)]
[(7.90,7.90)(7.80,7.80)][(8.00,8.00)(8.10,8.10)][(9.42,9.59)(9.52,9.69)][(6.53,6.47)(6.63,6.57)]
[(7.90,7.90)(7.80,7.80)][(8.00,8.00)(8.10,8.10)][(9.48,9.52)(9.58,9.62)][(6.52,6.44)(6.62,6.54)]
[(7.90,7.90)(7.80,7.80)][(8.00,8.00)(8.10,8.10)][(9.57,9.46)(9.67,9.56)][(6.52,6.49)(6.62,6.59)]
[(7.90,7.90)(7.80,7.80)][(8.00,8.00)(8.10,8.10)][(9.51,9.47)(9.61,9.57)][(6.38,6.59)(6.48,6.69)]
[(7.90,7.90)(7.80,7.80)][(8.00,8.00)(8.10,8.10)][(9.62,9.32)(9.72,9.42)][(6.44,6.62)(6.54,6.72)]
[(7.90,7.90)(7.80,7.80)][(8.00,8.00)(8.10,8.10)][(9.58,9.33)(9.68,9.43)][(6.36,6.72)(6.46,6.82)]
[(7.90,7.90)(7.80,7.80)][(8.00,8.00)(8.10,8.10)][(9.63,9.25)(9.73,9.35)][(6.40,6.75)(6.50,6.85)]
[(7.90,7.90)(7.80,7.80)][(8.00,8.00)(8.10,8.10)][(9.67,9.20)(9.77,9.30)][(6.29,6.77)(6.39,6.87)]
[(7.90,7.90)(7.80,7.80)][(8.00,8.00)(8.10,8.10)][(9.68,9.18)(9.78,9.28)][(6.23,6.80)(6.33,6.90)]
[(7.90,7.90)(7.80,7.80)][(8.00,8.00)(8.10,8.10)][(9.69,9.15)(9.79,9.25)][(6.31,6.88)(6.41,6.98)]
[(7.90,7.90)(7.80,7.80)][(8.00,8.00)(8.10,8.10)][(9.80,9.17)(9.90,9.27)][(6.30,6.92)(6.40,7.02)]
[(7.90,7.90)(7.80,7.80)][(8.00,8.00)(8.10,8.10)][(9.78,9.12)(9.88,9.22)][(6.20,6.93)(6.30,7.03)]
[(7.90,7.90)(7.80,7.80)][(8.00,8.00)(8.10,8.10)][(9.78,9.03)(9.88,9.13)][(6.14,6.99)(6.24,7.09)]
[(7.90,7.90)(7.80,7.80)][(8.00,8.00)(8.10,8.10)][(9.77,8.98)(9.87,9.08)][(6.19,6.97)(6.29,7.07)]
[(7.90,7.90)(7.80,7.80)][(8.00,8.00)(8.10,8.10)][(9.88,8.91)(9.98,9.01)][(6.18,7.07)(6.28,7.17)]
[(7.90,7.90)(7.80,7.80)][(8.00,8.00)(8.10,8.10)][(9.98,8.85)(10.08,8.95)][(6.01,7.07)(6.11,7.17)]
[(7.90,7.90)(7.80,7.80)][(8.00,8.00)(8.10,8.10)][(9.97,8.88)(10.07,8.98)][(6.15,7.13)(6.25,7.23)]
[(7.90,7.90)(7.80,7.80)][(8.00,8.00)(8.10,8.10)][(9.90,8.78)(10.00,8.88)][(6.01,7.22)(6.11,7.32)]
[(7.90,7.90)(7.80,7.80)][(8.00,8.00)(8.10,8.10)][(10.02,8.73)(10.12,8.83)][(6.11,7.28)(6.21,7.38)]
[(7.90,7.90)(7.80,7.80)][(8.00,8.00)(8.10,8.10)][(9.89,8.68)(9.99,8.78)][(6.07,7.32)(6.17,7.42)]
[(7.90,7.90)(7.80,7.80)][(8.00,8.00)(8.10,8.10)][(10.00,8.63)(10.10,8.73)][(6.03,7.34)(6.13,7.44)]
[(7.90,7.90)(7.80,7.80)][(8.00,8.00)(8.10,8.10)][(9.96,8.59)(10.06,8.69)][(5.93,7.43)(6.03,7.53)]
[(7.90,7.90)(7.80,7.80)][(8.00,8.00)(8.10,8.10)][(10.00,8.54)(10.10,8.64)][(5.95,7.43)(6.05,7.53)]
[(7.90,7.90)(7.80,7.80)][(8.00,8.00)(8.10,8.10)][(10.11,8.50)(10.21,8.60)][(6.03,7.52)(6.13,7.62)]
[(7.90,7.90)(7.80,7.80)][(8.00,8.00)(8.10,8.10)][(10.14,8.44)(10.24,8.54)][(6.00,7.54)(6.10,7.64)]
[(7.90,7.90)(7.80,7.80)][(8.00,8.00)(8.10,8.10)][(10.08,8.39)(10.18,8.49)][(5.91,7.60)(6.01,7.70)]
[(7.90,7.90)(7.80,7.80)][(8.00,8.00)(8.10,8.10)][(10.14,8.33)(10.24,8.43)][(5.99,7.66)(6.09,7.76)]
[(7.90,7.90)(7.80,7.80)][(8.00,8.00)(8.10,8.10)][(9.99,8.28)(10.09,8.38)][(5.93,7.72)(6.03,7.82)]
[(7.90,7.90)(7.80,7.80)][(8.00,8.00)(8.10,8.10)][(10.15,8.22)(10.25,8.32)][(5.94,7.77)(6.04,7.87)]
[(7.90,7.90)(7.80,7.80)][(8.00,8.00)(8.10,8.10)][(10.10,8.19)(10.20,8.29)][(5.99,7.82)(6.09,7.92)]
[(7.90,7.90)(7.80,7.80)][(8.00,8.00)(8.10,8.10)][(10.10,8.13)(10.20,8.23)][(5.91,7.87)(6.01,7.97)]
[(7.90,7.90)(7.80,7.80)][(8.00,8.00)(8.10,8.10)][(10.02,8.07)(10.12,8.17)][(5.92,7.92)(6.02,8.02)]
[(7.90,7.90)(7.80,7.80)][(8.00,8.00)(8.10,8.10)][(10.07,8.02)(10.17,8.12)][(5.83,7.98)(5.93,8.08)]
[(7.90,7.90)(7.80,7.80)][(8.00,8.00)(8.10,8.10)][(10.11,7.97)(10.21,8.07)][(5.91,8.03)(6.01,8.13)]
[(7.90,7.90)(7.80,7.80)][(8.00,8.00)(8.10,8.10)][(10.01,7.92)(10.11,8.02)][(5.83,8.08)(5.93,8.18)]
[(7.90,7.90)(7.80,7.80)][(8.00,8.00)(8.10,8.10)][(10.08,7.86)(10.18,7.96)][(5.95,8.13)(6.05,8.23)]
[(7.90,7.90)(7.80,7.80)][(8.00,8.00)(8.10,8.10)][(10.04,7.82)(10.14,7.92)][(5.93,8.19)(6.03,8.29)]
[(7.90,7.90)(7.80,7.80)][(8.00,8.00)(8.10,8.10)][(10.05,7.77)(10.15,7.87)][(5.96,8.25)(6.06,8.35)]
[(7.90,7.90)(7.80,7.80)][(8.00,8.00)(8.10,8.10)][(10.11,7.72)(10.21,7.82)][(5.94,8.29)(6.04,8.39)]
[(7.90,7.90)(7.80,7.80)][(8.00,8.00)(8.10,8.10)][(10.02,7.65)(10.12,7.75)][(5.94,8.35)(6.04,8.45)]
[(7.90,7.90)(7.80,7.80)][(8.00,8.00)(8.10,8.10)][(10.09,7.60)(10.19,7.70)][(5.87,8.38)(5.97,8.48)]
[(7.90,7.90)(7.80,7.80)][(8.00,8.00)(8.10,8.10)][(9.96,7.55)(10.06,7.65)][(5.89,8.46)(5.99,8.56)]
[(7.90,7.90)(7.80,7.80)][(8.00,8.00)(8.10,8.10)][(10.13,7.51)(10.23,7.61)][(6.02,8.50)(6.12,8.60)]
[(7.90,7.90)(7.80,7.80)][(8.00,8.00)(8.10,8.10)][(10.09,7.47)(10.19,7.57)][(6.04,8.56)(6.14,8.66)]
[(7.90,7.90)(7.80,7.80)][(8.00,8.00)(8.10,8.10)][(10.00,7.37)(10.10,7.47)][(5.93,8.58)(6.03,8.68)]
[(7.90,7.90)(7.80,7.80)][(8.00,8.00)(8.10,8.10)][(9.92,7.33)(10.02,7.43)][(6.10,8.63)(6.20,8.73)]
[(7.90,7.90)(7.80,7.80)][(8.00,8.00)(8.10,8.10)][(9.96,7.28)(10.06,7.38)][(6.05,8.69)(6.15,8.79)]
[(7.90,7.90)(7.80,7.80)][(8.00,8.00)(8.10,8.10)][(9.93,7.22)(10.03,7.32)][(6.06,8.75)(6.16,8.85)]
[(7.90,7.90)(7.80,7.80)][(8.00,8.00)(8.10,8.10)][(10.00,7.20)(10.10,7.30)][(6.13,8.78)(6.23,8.88)]
[(7.90,7.90)(7.80,7.80)][(8.00,8.00)(8.10,8.10)][(10.01,7.17)(10.11,7.27)][(6.14,8.87)(6.24,8.97)]
[(7.90,7.90)(7.80,7.80)][(8.00,8.00)(8.10,8.10)][(9.98,7.12)(10.08,7.22)][(6.08,8.94)(6.18,9.04)]
[(7.90,7.90)(7.80,7.80)][(8.00,8.00)(8.10,8.10)][(9.89,7.06)(9.99,7.16)][(6.10,8.94)(6.20,9.04)]
[(7.90,7.90)(7.80,7.80)][(8.00,8.00)(8.10,8.10)][(9.86,7.02)(9.96,7.12)][(6.08,8.97)(6.18,9.07)]
[(7.90,7.90)(7.80,7.80)][(8.00,8.00)(8.10,8.10)][(9.85,6.94)(9.95,7.04)][(6.24,9.02)(6.34,9.12)]
[(7.90,7.90)(7.80,7.80)][(8.00,8.00)(8.10,8.10)][(9.84,6.89)(9.94,6.99)][(6.21,9.12)(6.31,9.22)]
[(7.90,7.90)(7.80,7.80)][(8.00,8.00)(8.10,8.10)][(9.72,6.91)(9.82,7.01)][(6.31,9.08)(6.41,9.18)]
[(7.90,7.90)(7.80,7.80)][(8.00,8.00)(8.10,8.10)][(9.75,6.86)(9.85,6.96)][(6.31,9.17)(6.41,9.27)]
[(7.90,7.90)(7.80,7.80)][(8.00,8.00)(8.10,8.10)][(9.66,6.81)(9.76,6.91)][(6.27,9.23)(6.37,9.33)]
[(7.90,7.90)(7.80,7.80)][(8.00,8.00)(8.10,8.10)][(9.65,6.71)(9.75,6.81)][(6.34,9.22)(6.44,9.32)]
[(7.90,7.90)(7.80,7.80)][(8.00,8.00)(8.10,8.10)][(9.66,6.70)(9.76,6.80)][(6.40,9.27)(6.50,9.37)]
[(7.90,7.90)(7.80,7.80)][(8.00,8.00)(8.10,8.10)][(9.66,6.67)(9.76,6.77)][(6.45,9.30)(6.55,9.40)]
[(7.90,7.90)(7.80,7.80)][(8.00,8.00)(8.10,8.10)][(9.60,6.66)(9.70,6.76)][(6.47,9.34)(6.57,9.44)]
[(7.90,7.90)(7.80,7.80)][(8.00,8.00)(8.10,8.10)][(9.59,6.61)(9.69,6.71)][(6.45,9.38)(6.55,9.48)]
[(7.90,7.90)(7.80,7.80)][(8.00,8.00)(8.10,8.10)][(9.55,6.56)(9.65,6.66)][(6.49,9.45)(6.59,9.55)]
[(7.90,7.90)(7.80,7.80)][(8.00,8.00)(8.10,8.10)][(9.46,6.48)(9.56,6.58)][(6.59,9.51)(6.69,9.61)]
[(7.90,7.90)(7.80,7.80)][(8.00,8.00)(8.10,8.10)][(9.44,6.40)(9.54,6.50)][(6.56,9.58)(6.66,9.68)]
[(7.90,7.90)(7.80,7.80)][(8.00,8.00)(8.10,8.10)][(9.41,6.44)(9.51,6.54)][(6.57,9.51)(6.67,9.61)]
[(7.90,7.90)(7.80,7.80)][(8.00,8.00)(8.10,8.10)][(9.34,6.38)(9.44,6.48)][(6.70,9.66)(6.80,9.76)]
[(7.90,7.90)(7.80,7.80)][(8.00,8.00)(8.10,8.10)][(9.35,6.30)(9.45,6.40)][(6.74,9.58)(6.84,9.68)]
[(7.90,7.90)(7.80,7.80)][(8.00,8.00)(8.10,8.10)][(9.26,6.40)(9.36,6.50)][(6.75,9.69)(6.85,9.79)]
[(7.90,7.90)(7.80,7.80)][(8.00,8.00)(8.10,8.10)][(9.24,6.35)(9.34,6.45)][(6.73,9.76)(6.83,9.86)]
[(7.90,7.90)(7.80,7.80)][(8.00,8.00)(8.10,8.10)][(9.14,6.34)(9.24,6.44)][(6.83,9.71)(6.93,9.81)]
[(7.90,7.90)(7.80,7.80)][(8.00,8.00)(8.10,8.10)][(9.14,6.20)(9.24,6.30)][(6.83,9.85)(6.93,9.95)]
[(7.90,7.90)(7.80,7.80)][(8.00,8.00)(8.10,8.10)][(9.14,6.20)(9.24,6.30)][(6.88,9.72)(6.98,9.82)]
[(7.90,7.90)(7.80,7.80)][(8.00,8.00)(8.10,8.10)][(9.02,6.15)(9.12,6.25)][(6.93,9.90)(7.03,10.00)]
[(7.90,7.90)(7.80,7.80)][(8.00,8.00)(8.10,8.10)][(8.98,6.24)(9.08,6.34)][(7.00,9.87)(7.10,9.97)]
[(7.90,7.90)(7.80,7.80)][(8.00,8.00)(8.10,8.10)][(8.93,6.12)(9.03,6.22)][(7.03,9.86)(7.13,9.96)]
[(7.90,7.90)(7.80,7.80)][(8.00,8.00)(8.10,8.10)][(8.89,6.17)(8.99,6.27)][(7.12,9.81)(7.22,9.91)]
[(7.90,7.90)(7.80,7.80)][(8.00,8.00)(8.10,8.10)][(8.84,6.06)(8.94,6.16)][(7.14,9.93)(7.24,10.03)]
[(7.90,7.90)(7.80,7.80)][(8.00,8.00)(8.10,8.10)][(8.81,5.99)(8.91,6.09)][(7.16,9.88)(7.26,9.98)]
[(7.90,7.90)(7.80,7.80)][(8.00,8.00)(8.10,8.10)][(8.73,5.97)(8.83,6.07)][(7.26,9.93)(7.36,10.03)]
[(7.90,7.90)(7.80,7.80)][(8.00,8.00)(8.10,8.10)][(8.73,6.02)(8.83,6.12)][(7.26,10.00)(7.36,10.10)]
[(7.90,7.90)(7.80,7.80)][(8.00,8.00)(8.10,8.10)][(8.69,6.00)(8.79,6.10)][(7.30,9.98)(7.40,10.08)]
[(7.90,7.90)(7.80,7.80)][(8.00,8.00)(8.10,8.10)][(8.64,5.97)(8.74,6.07)][(7.37,9.94)(7.47,10.04)]
[(7.90,7.90)(7.80,7.80)][(8.00,8.00)(8.10,8.10)][(8.58,6.07)(8.68,6.17)][(7.42,9.96)(7.52,10.06)]
[(7.90,7.90)(7.80,7.80)][(8.00,8.00)(8.10,8.10)][(8.52,5.99)(8.62,6.09)][(7.48,10.06)(7.58,10.16)]
[(7.90,7.90)(7.80,7.80)][(8.00,8.00)(8.10,8.10)][(8.48,5.95)(8.58,6.05)][(7.55,10.05)(7.65,10.15)]
[(7.90,7.90)(7.80,7.80)][(8.00,8.00)(8.10,8.10)][(8.43,5.93)(8.53,6.03)][(7.58,10.10)(7.68,10.20)]
[(7.90,7.90)(7.80,7.80)][(8.00,8.00)(8.10,8.10)][(8.37,5.98)(8.47,6.08)][(7.64,10.11)(7.74,10.21)]
[(7.90,7.90)(7.80,7.80)][(8.00,8.00)(8.10,8.10)][(8.30,5.88)(8.40,5.98)][(7.70,10.03)(7.80,10.13)]
[(7.90,7.90)(7.80,7.80)][(8.00,8.00)(8.10,8.10)][(8.25,5.86)(8.35,5.96)][(7.75,10.05)(7.85,10.15)]
[(7.90,7.90)(7.80,7.80)][(8.00,8.00)(8.10,8.10)][(8.21,5.86)(8.31,5.96)][(7.80,10.14)(7.90,10.24)]
[(7.90,7.90)(7.80,7.80)][(8.00,8.00)(8.10,8.10)][(8.15,5.87)(8.25,5.97)][(7.85,10.12)(7.95,10.22)]
[(7.90,7.90)(7.80,7.80)][(8.00,8.00)(8.10,8.10)][(8.10,5.94)(8.20,6.04)][(7.90,10.15)(8.00,10.25)]
[(7.90,7.90)(7.80,7.80)][(8.00,8.00)(8.10,8.10)][(8.05,5.95)(8.15,6.05)][(7.95,10.03)(8.05,10.13)]
[(7.90,7.90)(7.80,7.80)][(8.00,8.00)(8.10,8.10)][(7.99,5.96)(8.09,6.06)][(8.01,10.20)(8.11,10.30)]
[(7.90,7.90)(7.80,7.80)][(8.00,8.00)(8.10,8.10)][(7.94,5.99)(8.04,6.09)][(8.06,10.10)(8.16,10.20)]
[(7.90,7.90)(7.80,7.80)][(8.00,8.00)(8.10,8.10)][(7.88,5.83)(7.98,5.93)][(8.12,10.13)(8.22,10.23)]
[(7.90,7.90)(7.80,7.80)][(8.00,8.00)(8.10,8.10)][(7.84,5.87)(7.94,5.97)][(8.17,10.05)(8.27,10.15)]
[(7.90,7.90)(7.80,7.80)][(8.00,8.00)(8.10,8.10)][(7.79,5.84)(7.89,5.94)][(8.22,10.09)(8.32,10.19)]
[(7.90,7.90)(7.80,7.80)][(8.00,8.00)(8.10,8.10)][(7.74,5.86)(7.84,5.96)][(8.27,10.03)(8.37,10.13)]
[(7.90,7.90)(7.80,7.80)][(8.00,8.00)(8.10,8.10)][(7.69,6.00)(7.79,6.10)][(8.33,10.15)(8.43,10.25)]
[(7.90,7.90)(7.80,7.80)][(8.00,8.00)(8.10,8.10)][(7.64,5.88)(7.74,5.98)][(8.37,10.02)(8.47,10.12)]
[(7.90,7.90)(7.80,7.80)][(8.00,8.00)(8.10,8.10)][(7.55,6.00)(7.65,6.10)][(8.44,10.00)(8.54,10.10)]
[(7.90,7.90)(7.80,7.80)][(8.00,8.00)(8.10,8.10)][(7.52,5.92)(7.62,6.02)][(8.47,10.00)(8.57,10.10)]
[(7.90,7.90)(7.80,7.80)][(8.00,8.00)(8.10,8.10)][(7.46,6.03)(7.56,6.13)][(8.53,10.10)(8.63,10.20)]
[(7.90,7.90)(7.80,7.80)][(8.00,8.00)(8.10,8.10)][(7.44,5.97)(7.54,6.07)][(8.56,10.10)(8.66,10.20)]
[(7.90,7.90)(7.80,7.80)][(8.00,8.00)(8.10,8.10)][(7.36,6.04)(7.46,6.14)][(8.64,10.03)(8.74,10.13)]
[(7.90,7.90)(7.80,7.80)][(8.00,8.00)(8.10,8.10)][(7.31,5.99)(7.41,6.09)][(8.66,9.99)(8.76,10.09)]
[(7.90,7.90)(7.80,7.80)][(8.00,8.00)(8.10,8.10)][(7.30,5.95)(7.40,6.05)][(8.72,10.03)(8.82,10.13)]
[(7.90,7.90)(7.80,7.80)][(8.00,8.00)(8.10,8.10)][(7.23,6.09)(7.33,6.19)][(8.80,9.99)(8.90,10.09)]
[(7.90,7.90)(7.80,7.80)][(8.00,8.00)(8.10,8.10)][(7.14,6.04)(7.24,6.14)][(8.79,9.90)(8.89,10.00)]
[(7.90,7.90)(7.80,7.80)][(8.00,8.00)(8.10,8.10)][(7.12,6.03)(7.22,6.13)][(8.92,9.85)(9.02,9.95)]
[(7.90,7.90)(7.80,7.80)][(8.00,8.00)(8.10,8.10)][(7.05,6.20)(7.15,6.30)][(8.94,9.83)(9.04,9.93)]
[(7.90,7.90)(7.80,7.80)][(8.00,8.00)(8.10,8.10)][(7.07,6.16)(7.17,6.26)][(9.01,9.90)(9.11,10.00)]
[(7.90,7.90)(7.80,7.80)][(8.00,8.00)(8.10,8.10)][(6.99,6.18)(7.09,6.28)][(8.99,9.79)(9.09,9.89)]
[(7.90,7.90)(7.80,7.80)][(8.00,8.00)(8.10,8.10)][(6.95,6.22)(7.05,6.32)][(9.05,9.84)(9.15,9.94)]
[(7.90,7.90)(7.80,7.80)][(8.00,8.00)(8.10,8.10)][(6.89,6.29)(6.99,6.39)][(9.08,9.75)(9.18,9.85)]
[(7.90,7.90)(7.80,7.80)][(8.00,8.00)(8.10,8.10)][(6.84,6.25)(6.94,6.35)][(9.13,9.74)(9.23,9.84)]
[(7.90,7.90)(7.80,7.80)][(8.00,8.00)(8.10,8.10)][(6.75,6.25)(6.85,6.35)][(9.20,9.67)(9.30,9.77)]
[(7.90,7.90)(7.80,7.80)][(8.00,8.00)(8.10,8.10)][(6.73,6.28)(6.83,6.38)][(9.25,9.64)(9.35,9.74)]
[(7.90,7.90)(7.80,7.80)][(8.00,8.00)(8.10,8.10)][(6.75,6.40)(6.85,6.50)][(9.30,9.66)(9.40,9.76)]
[(7.90,7.90)(7.80,7.80)][(8.00,8.00)(8.10,8.10)][(6.65,6.35)(6.75,6.45)][(9.38,9.70)(9.48,9.80)]
[(7.90,7.90)(7.80,7.80)][(8.00,8.00)(8.10,8.10)][(6.70,6.42)(6.80,6.52)][(9.35,9.53)(9.45,9.63)]
[(7.90,7.90)(7.80,7.80)][(8.00,8.00)(8.10,8.10)][(6.55,6.48)(6.65,6.58)][(9.38,9.57)(9.48,9.67)]
[(7.90,7.90)(7.80,7.80)][(8.00,8.00)(8.10,8.10)][(6.58,6.47)(6.68,6.57)][(9.51,9.47)(9.61,9.57)]
[(7.90,7.90)(7.80,7.80)][(8.00,8.00)(8.10,8.10)][(6.45,6.52)(6.55,6.62)][(9.50,9.44)(9.60,9.54)]
[(7.90,7.90)(7.80,7.80)][(8.00,8.00)(8.10,8.10)][(6.43,6.53)(6.53,6.63)][(9.50,9.50)(9.60,9.60)]
[(7.90,7.90)(7.80,7.80)][(8.00,8.00)(8.10,8.10)][(6.50,6.58)(6.60,6.68)][(9.58,9.39)(9.68,9.49)]
[(7.90,7.90)(7.80,7.80)][(8.00,8.00)(8.10,8.10)][(6.47,6.59)(6.57,6.69)][(9.58,9.41)(9.68,9.51)]
[(7.90,7.90)(7.80,7.80)][(8.00,8.00)(8.10,8.10)][(6.37,6.62)(6.47,6.72)][(9.66,9.38)(9.76,9.48)]
[(7.90,7.90)(7.80,7.80)][(8.00,8.00)(8.10,8.10)][(6.36,6.77)(6.46,6.87)][(9.58,9.27)(9.68,9.37)]
[(7.90,7.90)(7.80,7.80)][(8.00,8.00)(8.10,8.10)][(6.32,6.74)(6.42,6.84)][(9.67,9.29)(9.77,9.39)]
[(7.90,7.90)(7.80,7.80)][(8.00,8.00)(8.10,8.10)][(6.23,6.79)(6.33,6.89)][(9.74,9.20)(9.84,9.30)]
[(7.90,7.90)(7.80,7.80)][(8.00,8.00)(8.10,8.10)][(6.20,6.85)(6.30,6.95)][(9.71,9.19)(9.81,9.29)]
[(7.90,7.90)(7.80,7.80)][(8.00,8.00)(8.10,8.10)][(6.24,6.88)(6.34,6.98)][(9.82,9.10)(9.92,9.20)]
[(7.90,7.90)(7.80,7.80)][(8.00,8.00)(8.10,8.10)][(6.12,6.92)(6.22,7.02)][(9.76,9.03)(9.86,9.13)]
[(7.90,7.90)(7.80,7.80)][(8.00,8.00)(8.10,8.10)][(6.12,6.99)(6.22,7.09)][(9.86,9.00)(9.96,9.10)]
[(7.90,7.90)(7.80,7.80)][(8.00,8.00)(8.10,8.10)][(6.13,7.00)(6.23,7.10)][(9.83,8.96)(9.93,9.06)]
[(7.90,7.90)(7.80,7.80)][(8.00,8.00)(8.10,8.10)][(6.14,7.05)(6.24,7.15)][(9.87,8.94)(9.97,9.04)]
[(7.90,7.90)(7.80,7.80)][(8.00,8.00)(8.10,8.10)][(6.02,7.14)(6.12,7.24)][(9.86,8.86)(9.96,8.96)]
[(7.90,7.90)(7.80,7.80)][(8.00,8.00)(8.10,8.10)][(5.99,7.14)(6.09,7.24)][(9.92,8.82)(10.02,8.92)]
[(7.90,7.90)(7.80,7.80)][(8.00,8.00)(8.10,8.10)][(6.13,7.22)(6.23,7.32)][(9.93,8.78)(10.03,8.88)]
[(7.90,7.90)(7.80,7.80)][(8.00,8.00)(8.10,8.10)][(6.12,7.25)(6.22,7.35)][(10.00,8.76)(10.10,8.86)]
[(7.90,7.90)(7.80,7.80)][(8.00,8.00)(8.10,8.10)][(6.10,7.34)(6.20,7.44)][(9.99,8.67)(10.09,8.77)]
[(7.90,7.90)(7.80,7.80)][(8.00,8.00)(8.10,8.10)][(5.96,7.39)(6.06,7.49)][(9.92,8.64)(10.02,8.74)]
[(7.90,7.90)(7.80,7.80)][(8.00,8.00)(8.10,8.10)][(5.95,7.41)(6.05,7.51)][(9.93,8.59)(10.03,8.69)]
[(7.90,7.90)(7.80,7.80)][(8.00,8.00)(8.10,8.10)][(6.04,7.49)(6.14,7.59)][(9.95,8.54)(10.05,8.64)]
[(7.90,7.90)(7.80,7.80)][(8.00,8.00)(8.10,8.10)][(5.99,7.51)(6.09,7.61)][(10.04,8.49)(10.14,8.59)]
[(7.90,7.90)(7.80,7.80)][(8.00,8.00)(8.10,8.10)][(5.95,7.55)(6.05,7.65)][(10.12,8.45)(10.22,8.55)]
[(7.90,7.90)(7.80,7.80)][(8.00,8.00)(8.10,8.10)][(5.88,7.61)(5.98,7.71)][(10.14,8.38)(10.24,8.48)]
[(7.90,7.90)(7.80,7.80)][(8.00,8.00)(8.10,8.10)][(5.99,7.67)(6.09,7.77)][(10.00,8.32)(10.10,8.42)]
[(7.90,7.90)(7.80,7.80)][(8.00,8.00)(8.10,8.10)][(5.89,7.73)(5.99,7.83)][(10.10,8.27)(10.20,8.37)]
[(7.90,7.90)(7.80,7.80)][(8.00,8.00)(8.10,8.10)][(5.82,7.78)(5.92,7.88)][(10.02,8.23)(10.12,8.33)]
[(7.90,7.90)(7.80,7.80)][(8.00,8.00)(8.10,8.10)][(5.99,7.83)(6.09,7.93)][(10.10,8.17)(10.20,8.27)]
[(7.90,7.90)(7.80,7.80)][(8.00,8.00)(8.10,8.10)][(5.99,7.88)(6.09,7.98)][(10.17,8.13)(10.27,8.23)]
[(7.90,7.90)(7.80,7.80)][(8.00,8.00)(8.10,8.10)][(5.87,7.93)(5.97,8.03)][(10.01,8.07)(10.11,8.17)]
[(7.90,7.90)(7.80,7.80)][(8.00,8.00)(8.10,8.10)][(5.83,7.98)(5.93,8.08)][(10.09,8.02)(10.19,8.12)]
[(7.90,7.90)(7.80,7.80)][(8.00,8.00)(8.10,8.10)][(5.98,8.04)(6.08,8.14)][(10.19,7.96)(10.29,8.06)]
[(7.90,7.90)(7.80,7.80)][(8.00,8.00)(8.10,8.10)][(5.91,8.09)(6.01,8.19)][(10.08,7.91)(10.18,8.01)]
[(7.90,7.90)(7.80,7.80)][(8.00,8.00)(8.10,8.10)][(5.92,8.15)(6.02,8.25)][(10.19,7.86)(10.29,7.96)]
[(7.90,7.90)(7.80,7.80)][(8.00,8.00)(8.10,8.10)][(5.82,8.20)(5.92,8.30)][(10.18,7.81)(10.28,7.91)]
[(7.90,7.90)(7.80,7.80)][(8.00,8.00)(8.10,8.10)][(5.82,8.25)(5.92,8.35)][(10.18,7.74)(10.28,7.84)]
[(7.90,7.90)(7.80,7.80)][(8.00,8.00)(8.10,8.10)][(5.94,8.30)(6.04,8.40)][(10.01,7.69)(10.11,7.79)]
[(7.90,7.90)(7.80,7.80)][(8.00,8.00)(8.10,8.10)][(5.84,8.36)(5.94,8.46)][(10.16,7.63)(10.26,7.73)]
[(7.90,7.90)(7.80,7.80)][(8.00,8.00)(8.10,8.10)][(6.04,8.41)(6.14,8.51)][(10.04,7.61)(10.14,7.71)]
[(7.90,7.90)(7.80,7.80)][(8.00,8.00)(8.10,8.10)][(5.99,8.47)(6.09,8.57)][(10.04,7.56)(10.14,7.66)]
[(7.90,7.90)(7.80,7.80)][(8.00,8.00)(8.10,8.10)][(5.92,8.49)(6.02,8.59)][(10.11,7.47)(10.21,7.57)]
[(7.90,7.90)(7.80,7.80)][(8.00,8.00)(8.10,8.10)][(6.03,8.56)(6.13,8.66)][(9.94,7.42)(10.04,7.52)]
[(7.90,7.90)(7.80,7.80)][(8.00,8.00)(8.10,8.10)][(5.91,8.60)(6.01,8.70)][(10.10,7.39)(10.20,7.49)]
[(7.90,7.90)(7.80,7.80)][(8.00,8.00)(8.10,8.10)][(5.92,8.67)(6.02,8.77)][(10.06,7.32)(10.16,7.42)]
[(7.90,7.90)(7.80,7.80)][(8.00,8.00)(8.10,8.10)][(6.02,8.70)(6.12,8.80)][(9.92,7.30)(10.02,7.40)]
[(7.90,7.90)(7.80,7.80)][(8.00,8.00)(8.10,8.10)][(6.10,8.73)(6.20,8.83)][(9.95,7.24)(10.05,7.34)]
[(7.90,7.90)(7.80,7.80)][(8.00,8.00)(8.10,8.10)][(6.13,8.83)(6.23,8.93)][(9.96,7.18)(10.06,7.28)]
[(7.90,7.90)(7.80,7.80)][(8.00,8.00)(8.10,8.10)][(6.04,8.83)(6.14,8.93)][(9.87,7.13)(9.97,7.23)]
[(7.90,7.90)(7.80,7.80)][(8.00,8.00)(8.10,8.10)][(6.19,8.87)(6.29,8.97)][(9.91,7.13)(10.01,7.23)]
[(7.90,7.90)(7.80,7.80)][(8.00,8.00)(8.10,8.10)][(6.05,8.97)(6.15,9.07)][(9.86,7.03)(9.96,7.13)]
[(7.90,7.90)(7.80,7.80)][(8.00,8.00)(8.10,8.10)][(6.24,9.01)(6.34,9.11)][(9.92,6.99)(10.02,7.09)]
[(7.90,7.90)(7.80,7.80)][(8.00,8.00)(8.10,8.10)][(6.20,9.06)(6.30,9.16)][(9.75,6.93)(9.85,7.03)]
[(7.90,7.90)(7.80,7.80)][(8.00,8.00)(8.10,8.10)][(6.22,9.08)(6.32,9.18)][(9.84,6.86)(9.94,6.96)]
[(7.90,7.90)(7.80,7.80)][(8.00,8.00)(8.10,8.10)][(6.30,9.15)(6.40,9.25)][(9.70,6.82)(9.80,6.92)]
[(7.90,7.90)(7.80,7.80)][(8.00,8.00)(8.10,8.10)][(6.33,9.21)(6.43,9.31)][(9.71,6.80)(9.81,6.90)]
[(7.90,7.90)(7.80,7.80)][(8.00,8.00)(8.10,8.10)][(6.24,9.21)(6.34,9.31)][(9.79,6.82)(9.89,6.92)]
[(7.90,7.90)(7.80,7.80)][(8.00,8.00)(8.10,8.10)][(6.38,9.31)(6.48,9.41)][(9.73,6.72)(9.83,6.82)]
[(7.90,7.90)(7.80,7.80)][(8.00,8.00)(8.10,8.10)][(6.39,9.26)(6.49,9.36)][(9.72,6.68)(9.82,6.78)]
[(7.90,7.90)(7.80,7.80)][(8.00,8.00)(8.10,8.10)][(6.35,9.39)(6.45,9.49)][(9.57,6.60)(9.67,6.70)]
[(7.90,7.90)(7.80,7.80)][(8.00,8.00)(8.10,8.10)][(6.45,9.36)(6.55,9.46)][(9.54,6.67)(9.64,6.77)]
[(7.90,7.90)(7.80,7.80)][(8.00,8.00)(8.10,8.10)][(6.42,9.38)(6.52,9.48)][(9.50,6.60)(9.60,6.70)]
[(7.90,7.90)(7.80,7.80)][(8.00,8.00)(8.10,8.10)][(6.57,9.51)(6.67,9.61)][(9.56,6.59)(9.66,6.69)]
[(7.90,7.90)(7.80,7.80)][(8.00,8.00)(8.10,8.10)][(6.55,9.51)(6.65,9.61)][(9.50,6.54)(9.60,6.64)]
[(7.90,7.90)(7.80,7.80)][(8.00,8.00)(8.10,8.10)][(6.63,9.47)(6.73,9.57)][(9.37,6.44)(9.47,6.54)]
[(7.90,7.90)(7.80,7.80)][(8.00,8.00)(8.10,8.10)][(6.66,9.56)(6.76,9.66)][(9.37,6.44)(9.47,6.54)]
[(7.90,7.90)(7.80,7.80)][(8.00,8.00)(8.10,8.10)][(6.66,9.67)(6.76,9.77)][(9.40,6.39)(9.50,6.49)]
[(7.90,7.90)(7.80,7.80)][(8.00,8.00)(8.10,8.10)][(6.68,9.69)(6.78,9.79)][(9.35,6.37)(9.45,6.47)]
[(7.90,7.90)(7.80,7.80)][(8.00,8.00)(8.10,8.10)][(6.73,9.74)(6.83,9.84)][(9.22,6.31)(9.32,6.41)]
[(7.90,7.90)(7.80,7.80)][(8.00,8.00)(8.10,8.10)][(6.83,9.77)(6.93,9.87)][(9.25,6.23)(9.35,6.33)]
[(7.90,7.90)(7.80,7.80)][(8.00,8.00)(8.10,8.10)][(6.78,9.68)(6.88,9.78)][(9.23,6.21)(9.33,6.31)]
[(7.90,7.90)(7.80,7.80)][(8.00,8.00)(8.10,8.10)][(6.90,9.77)(7.00,9.87)][(9.13,6.24)(9.23,6.34)]
[(7.90,7.90)(7.80,7.80)][(8.00,8.00)(8.10,8.10)][(6.91,9.75)(7.01,9.85)][(9.10,6.27)(9.20,6.37)]
[(7.90,7.90)(7.80,7.80)][(8.00,8.00)(8.10,8.10)][(6.99,9.75)(7.09,9.85)][(9.07,6.23)(9.17,6.33)]
[(7.90,7.90)(7.80,7.80)][(8.00,8.00)(8.10,8.10)][(6.98,9.80)(7.08,9.90)][(9.02,6.19)(9.12,6.29)]
[(7.90,7.90)(7.80,7.80)][(8.00,8.00)(8.10,8.10)][(7.00,9.93)(7.10,10.03)][(8.97,6.07)(9.07,6.17)]
[(7.90,7.90)(7.80,7.80)][(8.00,8.00)(8.10,8.10)][(7.06,9.86)(7.16,9.96)][(8.89,6.17)(8.99,6.27)]
[(7.90,7.90)(7.80,7.80)][(8.00,8.00)(8.10,8.10)][(7.14,9.86)(7.24,9.96)][(8.84,6.17)(8.94,6.27)]
[(7.90,7.90)(7.80,7.80)][(8.00,8.00)(8.10,8.10)][(7.21,9.98)(7.31,10.08)][(8.78,6.02)(8.88,6.12)]
[(7.90,7.90)(7.80,7.80)][(8.00,8.00)(8.10,8.10)][(7.26,9.98)(7.36,10.08)][(8.79,6.06)(8.89,6.16)]
[(7.90,7.90)(7.80,7.80)][(8.00,8.00)(8.10,8.10)][(7.29,10.07)(7.39,10.17)][(8.73,6.02)(8.83,6.12)]
[(7.90,7.90)(7.80,7.80)][(8.00,8.00)(8.10,8.10)][(7.35,10.08)(7.45,10.18)][(8.69,5.99)(8.79,6.09)]
[(7.90,7.90)(7.80,7.80)][(8.00,8.00)(8.10,8.10)][(7.40,10.06)(7.50,10.16)][(8.60,6.09)(8.70,6.19)]
[(7.90,7.90)(7.80,7.80)][(8.00,8.00)(8.10,8.10)][(7.46,9.94)(7.56,10.04)][(8.55,5.98)(8.65,6.08)]
[(7.90,7.90)(7.80,7.80)][(8.00,8.00)(8.10,8.10)][(7.48,9.98)(7.58,10.08)][(8.51,5.94)(8.61,6.04)]
[(7.90,7.90)(7.80,7.80)][(8.00,8.00)(8.10,8.10)][(7.52,10.10)(7.62,10.20)][(8.47,5.97)(8.57,6.07)]
[(7.90,7.90)(7.80,7.80)][(8.00,8.00)(8.10,8.10)][(7.60,10.10)(7.70,10.20)][(8.42,5.98)(8.52,6.08)]
[(7.90,7.90)(7.80,7.80)][(8.00,8.00)(8.10,8.10)][(7.64,10.03)(7.74,10.13)][(8.36,5.99)(8.46,6.09)]
[(7.90,7.90)(7.80,7.80)][(8.00,8.00)(8.10,8.10)][(7.70,10.12)(7.80,10.22)][(8.29,6.00)(8.39,6.10)]
[(7.90,7.90)(7.80,7.80)][(8.00,8.00)(8.10,8.10)][(7.76,10.07)(7.86,10.17)][(8.25,5.92)(8.35,6.02)]
[(7.90,7.90)(7.80,7.80)][(8.00,8.00)(8.10,8.10)][(7.80,10.09)(7.90,10.19)][(8.20,5.83)(8.30,5.93)]
[(7.90,7.90)(7.80,7.80)][(8.00,8.00)(8.10,8.10)][(7.85,10.17)(7.95,10.27)][(8.14,5.87)(8.24,5.97)]
[(7.90,7.90)(7.80,7.80)][(8.00,8.00)(8.10,8.10)][(7.91,10.01)(8.01,10.11)][(8.10,5.81)(8.20,5.91)]
[(7.90,7.90)(7.80,7.80)][(8.00,8.00)(8.10,8.10)][(7.96,10.15)(8.06,10.25)][(8.04,5.95)(8.14,6.05)]
[(7.90,7.90)(7.80,7.80)][(8.00,8.00)(8.10,8.10)][(8.01,10.00)(8.11,10.10)][(7.99,5.92)(8.09,6.02)]
[(7.90,7.90)(7.80,7.80)][(8.00,8.00)(8.10,8.10)][(8.07,10.19)(8.17,10.29)][(7.93,5.89)(8.03,5.99)]
[(7.90,7.90)(7.80,7.80)][(8.00,8.00)(8.10,8.10)][(8.12,10.02)(8.22,10.12)][(7.88,5.95)(7.98,6.05)]
[(7.90,7.90)(7.80,7.80)][(8.00,8.00)(8.10,8.10)][(8.17,10.04)(8.27,10.14)][(7.83,5.88)(7.93,5.98)]
[(7.90,7.90)(7.80,7.80)][(8.00,8.00)(8.10,8.10)][(8.23,10.10)(8.33,10.20)][(7.78,5.91)(7.88,6.01)]
[(7.90,7.90)(7.80,7.80)][(8.00,8.00)(8.10,8.10)][(8.29,10.15)(8.39,10.25)][(7.72,6.01)(7.82,6.11)]
[(7.90,7.90)(7.80,7.80)][(8.00,8.00)(8.10,8.10)][(8.33,10.11)(8.43,10.21)][(7.66,5.96)(7.76,6.06)]
[(7.90,7.90)(7.80,7.80)][(8.00,8.00)(8.10,8.10)][(8.37,10.05)(8.47,10.15)][(7.62,5.95)(7.72,6.05)]
[(7.90,7.90)(7.80,7.80)][(8.00,8.00)(8.10,8.10)][(8.43,10.03)(8.53,10.13)][(7.59,5.98)(7.69,6.08)]
[(7.90,7.90)(7.80,7.80)][(8.00,8.00)(8.10,8.10)][(8.47,10.07)(8.57,10.17)][(7.51,5.90)(7.61,6.00)]
[(7.90,7.90)(7.80,7.80)][(8.00,8.00)(8.10,8.10)][(8.52,9.98)(8.62,10.08)][(7.46,5.98)(7.56,6.08)]
[(7.90,7.90)(7.80,7.80)][(8.00,8.00)(8.10,8.10)][(8.60,9.99)(8.70,10.09)][(7.41,5.91)(7.51,6.01)]
[(7.90,7.90)(7.80,7.80)][(8.00,8.00)(8.10,8.10)][(8.65,9.98)(8.75,10.08)][(7.39,5.92)(7.49,6.02)]
[(7.90,7.90)(7.80,7.80)][(8.00,8.00)(8.10,8.10)][(8.71,10.07)(8.81,10.17)][(7.34,5.93)(7.44,6.03)]
[(7.90,7.90)(7.80,7.80)][(8.00,8.00)(8.10,8.10)][(8.73,9.95)(8.83,10.05)][(7.24,6.07)(7.34,6.17)]
[(7.90,7.90)(7.80,7.80)][(8.00,8.00)(8.10,8.10)][(8.81,9.91)(8.91,10.01)][(7.25,6.11)(7.35,6.21)]
[(7.90,7.90)(7.80,7.80)][(8.00,8.00)(8.10,8.10)][(8.84,9.98)(8.94,10.08)][(7.14,6.12)(7.24,6.22)]
[(7.90,7.90)(7.80,7.80)][(8.00,8.00)(8.10,8.10)][(8.90,9.90)(9.00,10.00)][(7.09,6.11)(7.19,6.21)]
[(7.90,7.90)(7.80,7.80)][(8.00,8.00)(8.10,8.10)][(8.92,9.87)(9.02,9.97)][(7.08,6.13)(7.18,6.23)]
[(7.90,7.90)(7.80,7.80)][(8.00,8.00)(8.10,8.10)][(8.95,9.90)(9.05,10.00)][(7.04,6.13)(7.14,6.23)]
[(7.90,7.90)(7.80,7.80)][(8.00,8.00)(8.10,8.10)][(8.99,9.85)(9.09,9.95)][(6.98,6.12)(7.08,6.22)]
[(7.90,7.90)(7.80,7.80)][(8.00,8.00)(8.10,8.10)][(9.04,9.77)(9.14,9.87)][(6.93,6.23)(7.03,6.33)]
[(7.90,7.90)(7.80,7.80)][(8.00,8.00)(8.10,8.10)][(9.13,9.73)(9.23,9.83)][(6.91,6.17)(7.01,6.27)]
[(7.90,7.90)(7.80,7.80)][(8.00,8.00)(8.10,8.10)][(9.14,9.82)(9.24,9.92)][(6.84,6.19)(6.94,6.29)]
[(7.90,7.90)(7.80,7.80)][(8.00,8.00)(8.10,8.10)][(9.17,9.67)(9.27,9.77)][(6.77,6.24)(6.87,6.34)]
[(7.90,7.90)(7.80,7.80)][(8.00,8.00)(8.10,8.10)][(9.29,9.72)(9.39,9.82)][(6.75,6.38)(6.85,6.48)]
[(7.90,7.90)(7.80,7.80)][(8.00,8.00)(8.10,8.10)][(9.31,9.67)(9.41,9.77)][(6.75,6.41)(6.85,6.51)]
[(7.90,7.90)(7.80,7.80)][(8.00,8.00)(8.10,8.10)][(9.30,9.61)(9.40,9.71)][(6.67,6.32)(6.77,6.42)]
[(7.90,7.90)(7.80,7.80)][(8.00,8.00)(8.10,8.10)][(9.40,9.60)(9.50,9.70)][(6.69,6.47)(6.79,6.57)]
[(7.90,7.90)(7.80,7.80)][(8.00,8.00)(8.10,8.10)][(9.47,9.61)(9.57,9.71)][(6.63,6.47)(6.73,6.57)]
[(7.90,7.90)(7.80,7.80)][(8.00,8.00)(8.10,8.10)][(9.46,9.46)(9.56,9.56)][(6.61,6.43)(6.71,6.53)]
[(7.90,7.90)(7.80,7.80)][(8.00,8.00)(8.10,8.10)][(9.49,9.53)(9.59,9.63)][(6.48,6.56)(6.58,6.66)]
[(7.90,7.90)(7.80,7.80)][(8.00,8.00)(8.10,8.10)][(9.46,9.50)(9.56,9.60)][(6.53,6.53)(6.63,6.63)]
[(7.90,7.90)(7.80,7.80)][(8.00,8.00)(8.10,8.10)][(9.57,9.41)(9.67,9.51)][(6.47,6.62)(6.57,6.72)]
[(7.90,7.90)(7.80,7.80)][(8.00,8.00)(8.10,8.10)][(9.66,9.34)(9.76,9.44)][(6.45,6.57)(6.55,6.67)]
[(7.90,7.90)(7.80,7.80)][(8.00,8.00)(8.10,8.10)][(9.67,9.30)(9.77,9.40)][(6.36,6.64)(6.46,6.74)]
[(7.90,7.90)(7.80,7.80)][(8.00,8.00)(8.10,8.10)][(9.67,9.27)(9.77,9.37)][(6.41,6.75)(6.51,6.85)]
[(7.90,7.90)(7.80,7.80)][(8.00,8.00)(8.10,8.10)][(9.64,9.29)(9.74,9.39)][(6.27,6.72)(6.37,6.82)]
[(7.90,7.90)(7.80,7.80)][(8.00,8.00)(8.10,8.10)][(9.64,9.24)(9.74,9.34)][(6.24,6.77)(6.34,6.87)]
[(7.90,7.90)(7.80,7.80)][(8.00,8.00)(8.10,8.10)][(9.80,9.12)(9.90,9.22)][(6.28,6.84)(6.38,6.94)]
[(7.90,7.90)(7.80,7.80)][(8.00,8.00)(8.10,8.10)][(9.70,9.11)(9.80,9.21)][(6.29,6.86)(6.39,6.96)]
[(7.90,7.90)(7.80,7.80)][(8.00,8.00)(8.10,8.10)][(9.81,9.06)(9.91,9.16)][(6.23,6.89)(6.33,6.99)]
[(7.90,7.90)(7.80,7.80)][(8.00,8.00)(8.10,8.10)][(9.76,9.01)(9.86,9.11)][(6.19,6.99)(6.29,7.09)]
[(7.90,7.90)(7.80,7.80)][(8.00,8.00)(8.10,8.10)][(9.85,9.00)(9.95,9.10)][(6.13,6.99)(6.23,7.09)]
[(7.90,7.90)(7.80,7.80)][(8.00,8.00)(8.10,8.10)][(9.89,8.92)(9.99,9.02)][(6.11,7.03)(6.21,7.13)]
[(7.90,7.90)(7.80,7.80)][(8.00,8.00)(8.10,8.10)][(9.95,8.89)(10.05,8.99)][(6.11,7.15)(6.21,7.25)]
[(7.90,7.90)(7.80,7.80)][(8.00,8.00)(8.10,8.10)][(9.98,8.85)(10.08,8.95)][(6.10,7.18)(6.20,7.28)]
[(7.90,7.90)(7.80,7.80)][(8.00,8.00)(8.10,8.10)][(9.95,8.75)(10.05,8.85)][(6.14,7.25)(6.24,7.35)]
[(7.90,7.90)(7.80,7.80)][(8.00,8.00)(8.10,8.10)][(9.93,8.73)(10.03,8.83)][(6.02,7.28)(6.12,7.38)]
[(7.90,7.90)(7.80,7.80)][(8.00,8.00)(8.10,8.10)][(9.90,8.67)(10.00,8.77)][(6.09,7.31)(6.19,7.41)]
[(7.90,7.90)(7.80,7.80)][(8.00,8.00)(8.10,8.10)][(9.97,8.63)(10.07,8.73)][(6.00,7.38)(6.10,7.48)]
[(7.90,7.90)(7.80,7.80)][(8.00,8.00)(8.10,8.10)][(9.98,8.57)(10.08,8.67)][(6.07,7.43)(6.17,7.53)]
[(7.90,7.90)(7.80,7.80)][(8.00,8.00)(8.10,8.10)][(10.04,8.53)(10.14,8.63)][(5.88,7.49)(5.98,7.59)]
[(7.90,7.90)(7.80,7.80)][(8.00,8.00)(8.10,8.10)][(10.03,8.49)(10.13,8.59)][(5.99,7.52)(6.09,7.62)]
[(7.90,7.90)(7.80,7.80)][(8.00,8.00)(8.10,8.10)][(10.06,8.42)(10.16,8.52)][(5.99,7.57)(6.09,7.67)]
[(7.90,7.90)(7.80,7.80)][(8.00,8.00)(8.10,8.10)][(9.99,8.39)(10.09,8.49)][(6.01,7.62)(6.11,7.72)]
[(7.90,7.90)(7.80,7.80)][(8.00,8.00)(8.10,8.10)][(10.01,8.33)(10.11,8.43)][(5.95,7.68)(6.05,7.78)]
[(7.90,7.90)(7.80,7.80)][(8.00,8.00)(8.10,8.10)][(10.03,8.28)(10.13,8.38)][(5.89,7.72)(5.99,7.82)]
[(7.90,7.90)(7.80,7.80)][(8.00,8.00)(8.10,8.10)][(10.18,8.22)(10.28,8.32)][(5.88,7.78)(5.98,7.88)]
[(7.90,7.90)(7.80,7.80)][(8.00,8.00)(8.10,8.10)][(10.03,8.16)(10.13,8.26)][(5.90,7.82)(6.00,7.92)]
[(7.90,7.90)(7.80,7.80)][(8.00,8.00)(8.10,8.10)][(10.17,8.12)(10.27,8.22)][(5.99,7.88)(6.09,7.98)]
[(7.90,7.90)(7.80,7.80)][(8.00,8.00)(8.10,8.10)][(10.04,8.06)(10.14,8.16)][(5.92,7.94)(6.02,8.04)]
[(7.90,7.90)(7.80,7.80)][(8.00,8.00)(8.10,8.10)][(10.06,8.01)(10.16,8.11)][(5.81,7.99)(5.91,8.09)]
[(7.90,7.90)(7.80,7.80)][(8.00,8.00)(8.10,8.10)][(10.03,7.96)(10.13,8.06)][(5.86,8.04)(5.96,8.14)]
[(7.90,7.90)(7.80,7.80)][(8.00,8.00)(8.10,8.10)][(10.01,7.90)(10.11,8.00)][(5.82,8.10)(5.92,8.20)]
[(7.90,7.90)(7.80,7.80)][(8.00,8.00)(8.10,8.10)][(10.15,7.85)(10.25,7.95)][(5.98,8.15)(6.08,8.25)]
[(7.90,7.90)(7.80,7.80)][(8.00,8.00)(8.10,8.10)][(10.16,7.81)(10.26,7.91)][(5.95,8.21)(6.05,8.31)]
[(7.90,7.90)(7.80,7.80)][(8.00,8.00)(8.10,8.10)][(10.03,7.75)(10.13,7.85)][(5.88,8.24)(5.98,8.34)]
[(7.90,7.90)(7.80,7.80)][(8.00,8.00)(8.10,8.10)][(10.10,7.69)(10.20,7.79)][(5.89,8.31)(5.99,8.41)]
[(7.90,7.90)(7.80,7.80)][(8.00,8.00)(8.10,8.10)][(10.14,7.65)(10.24,7.75)][(5.90,8.37)(6.00,8.47)]
[(7.90,7.90)(7.80,7.80)][(8.00,8.00)(8.10,8.10)][(10.09,7.61)(10.19,7.71)][(6.04,8.39)(6.14,8.49)]
[(7.90,7.90)(7.80,7.80)][(8.00,8.00)(8.10,8.10)][(10.06,7.53)(10.16,7.63)][(5.99,8.45)(6.09,8.55)]
[(7.90,7.90)(7.80,7.80)][(8.00,8.00)(8.10,8.10)][(10.01,7.48)(10.11,7.58)][(5.98,8.49)(6.08,8.59)]
[(7.90,7.90)(7.80,7.80)][(8.00,8.00)(8.10,8.10)][(10.03,7.45)(10.13,7.55)][(6.00,8.55)(6.10,8.65)]
[(7.90,7.90)(7.80,7.80)][(8.00,8.00)(8.10,8.10)][(9.99,7.40)(10.09,7.50)][(5.90,8.63)(6.00,8.73)]
[(7.90,7.90)(7.80,7.80)][(8.00,8.00)(8.10,8.10)][(9.97,7.36)(10.07,7.46)][(6.04,8.65)(6.14,8.75)]
[(7.90,7.90)(7.80,7.80)][(8.00,8.00)(8.10,8.10)][(9.98,7.28)(10.08,7.38)][(6.08,8.73)(6.18,8.83)]
[(7.90,7.90)(7.80,7.80)][(8.00,8.00)(8.10,8.10)][(9.99,7.22)(10.09,7.32)][(6.03,8.78)(6.13,8.88)]
[(7.90,7.90)(7.80,7.80)][(8.00,8.00)(8.10,8.10)][(9.92,7.21)(10.02,7.31)][(6.05,8.80)(6.15,8.90)]
[(7.90,7.90)(7.80,7.80)][(8.00,8.00)(8.10,8.10)][(9.87,7.16)(9.97,7.26)][(6.09,8.86)(6.19,8.96)]
[(7.90,7.90)(7.80,7.80)][(8.00,8.00)(8.10,8.10)][(9.87,7.10)(9.97,7.20)][(6.16,8.89)(6.26,8.99)]
[(7.90,7.90)(7.80,7.80)][(8.00,8.00)(8.10,8.10)][(9.83,7.03)(9.93,7.13)][(6.18,8.97)(6.28,9.07)]
[(7.90,7.90)(7.80,7.80)][(8.00,8.00)(8.10,8.10)][(9.79,7.03)(9.89,7.13)][(6.10,8.98)(6.20,9.08)]
[(7.90,7.90)(7.80,7.80)][(8.00,8.00)(8.10,8.10)][(9.85,6.96)(9.95,7.06)][(6.11,9.05)(6.21,9.15)]
[(7.90,7.90)(7.80,7.80)][(8.00,8.00)(8.10,8.10)][(9.71,6.91)(9.81,7.01)][(6.20,9.08)(6.30,9.18)]
[(7.90,7.90)(7.80,7.80)][(8.00,8.00)(8.10,8.10)][(9.70,6.84)(9.80,6.94)][(6.28,9.18)(6.38,9.28)]
[(7.90,7.90)(7.80,7.80)][(8.00,8.00)(8.10,8.10)][(9.76,6.80)(9.86,6.90)][(6.33,9.16)(6.43,9.26)]
[(7.90,7.90)(7.80,7.80)][(8.00,8.00)(8.10,8.10)][(9.67,6.74)(9.77,6.84)][(6.25,9.21)(6.35,9.31)]
[(7.90,7.90)(7.80,7.80)][(8.00,8.00)(8.10,8.10)][(9.71,6.74)(9.81,6.84)][(6.26,9.27)(6.36,9.37)]
[(7.90,7.90)(7.80,7.80)][(8.00,8.00)(8.10,8.10)][(9.63,6.63)(9.73,6.73)][(6.38,9.30)(6.48,9.40)]
[(7.90,7.90)(7.80,7.80)][(8.00,8.00)(8.10,8.10)][(9.56,6.59)(9.66,6.69)][(6.36,9.30)(6.46,9.40)]
[(7.90,7.90)(7.80,7.80)][(8.00,8.00)(8.10,8.10)][(9.53,6.58)(9.63,6.68)][(6.40,9.34)(6.50,9.44)]
[(7.90,7.90)(7.80,7.80)][(8.00,8.00)(8.10,8.10)][(9.53,6.61)(9.63,6.71)][(6.40,9.49)(6.50,9.59)]
[(7.90,7.90)(7.80,7.80)][(8.00,8.00)(8.10,8.10)][(9.44,6.50)(9.54,6.60)][(6.45,9.49)(6.55,9.59)]
[(7.90,7.90)(7.80,7.80)][(8.00,8.00)(8.10,8.10)][(9.40,6.50)(9.50,6.60)][(6.54,9.52)(6.64,9.62)]
[(7.90,7.90)(7.80,7.80)][(8.00,8.00)(8.10,8.10)][(9.46,6.44)(9.56,6.54)][(6.62,9.59)(6.72,9.69)]
[(7.90,7.90)(7.80,7.80)][(8.00,8.00)(8.10,8.10)][(9.38,6.36)(9.48,6.46)][(6.66,9.54)(6.76,9.64)]
[(7.90,7.90)(7.80,7.80)][(8.00,8.00)(8.10,8.10)][(9.31,6.40)(9.41,6.50)][(6.61,9.62)(6.71,9.72)]
[(7.90,7.90)(7.80,7.80)][(8.00,8.00)(8.10,8.10)][(9.29,6.43)(9.39,6.53)][(6.70,9.72)(6.80,9.82)]
[(7.90,7.90)(7.80,7.80)][(8.00,8.00)(8.10,8.10)][(9.26,6.36)(9.36,6.46)][(6.79,9.75)(6.89,9.85)]
[(7.90,7.90)(7.80,7.80)][(8.00,8.00)(8.10,8.10)][(9.22,6.24)(9.32,6.34)][(6.74,9.75)(6.84,9.85)]
[(7.90,7.90)(7.80,7.80)][(8.00,8.00)(8.10,8.10)][(9.14,6.29)(9.24,6.39)][(6.85,9.73)(6.95,9.83)]
[(7.90,7.90)(7.80,7.80)][(8.00,8.00)(8.10,8.10)][(9.12,6.16)(9.22,6.26)][(6.82,9.69)(6.92,9.79)]
[(7.90,7.90)(7.80,7.80)][(8.00,8.00)(8.10,8.10)][(9.05,6.22)(9.15,6.32)][(6.91,9.78)(7.01,9.88)]
[(7.90,7.90)(7.80,7.80)][(8.00,8.00)(8.10,8.10)][(9.00,6.12)(9.10,6.22)][(6.95,9.77)(7.05,9.87)]
[(7.90,7.90)(7.80,7.80)][(8.00,8.00)(8.10,8.10)][(8.99,6.20)(9.09,6.30)][(7.01,9.83)(7.11,9.93)]
[(7.90,7.90)(7.80,7.80)][(8.00,8.00)(8.10,8.10)][(8.98,6.15)(9.08,6.25)][(7.03,9.89)(7.13,9.99)]
[(7.90,7.90)(7.80,7.80)][(8.00,8.00)(8.10,8.10)][(8.94,6.13)(9.04,6.23)][(7.09,9.86)(7.19,9.96)]
[(7.90,7.90)(7.80,7.80)][(8.00,8.00)(8.10,8.10)][(8.84,6.11)(8.94,6.21)][(7.15,9.87)(7.25,9.97)]
[(7.90,7.90)(7.80,7.80)][(8.00,8.00)(8.10,8.10)][(8.83,6.06)(8.93,6.16)][(7.19,9.88)(7.29,9.98)]
[(7.90,7.90)(7.80,7.80)][(8.00,8.00)(8.10,8.10)][(8.74,6.05)(8.84,6.15)][(7.26,9.91)(7.36,10.01)]
[(7.90,7.90)(7.80,7.80)][(8.00,8.00)(8.10,8.10)][(8.70,6.08)(8.80,6.18)][(7.26,10.01)(7.36,10.11)]
[(7.90,7.90)(7.80,7.80)][(8.00,8.00)(8.10,8.10)][(8.67,5.97)(8.77,6.07)][(7.34,9.98)(7.44,10.08)]
[(7.90,7.90)(7.80,7.80)][(8.00,8.00)(8.10,8.10)][(8.62,5.95)(8.72,6.05)][(7.37,10.08)(7.47,10.18)]
[(7.90,7.90)(7.80,7.80)][(8.00,8.00)(8.10,8.10)][(8.55,5.89)(8.65,5.99)][(7.43,9.96)(7.53,10.06)]
[(7.90,7.90)(7.80,7.80)][(8.00,8.00)(8.10,8.10)][(8.52,5.94)(8.62,6.04)][(7.51,10.09)(7.61,10.19)]
[(7.90,7.90)(7.80,7.80)][(8.00,8.00)(8.10,8.10)][(8.43,6.00)(8.53,6.10)][(7.56,10.12)(7.66,10.22)]
[(7.90,7.90)(7.80,7.80)][(8.00,8.00)(8.10,8.10)][(8.42,6.01)(8.52,6.11)][(7.59,10.11)(7.69,10.21)]
[(7.90,7.90)(7.80,7.80)][(8.00,8.00)(8.10,8.10)][(8.33,6.01)(8.43,6.11)][(7.67,10.08)(7.77,10.18)]
[(7.90,7.90)(7.80,7.80)][(8.00,8.00)(8.10,8.10)][(8.30,5.99)(8.40,6.09)][(7.70,10.15)(7.80,10.25)]
[(7.90,7.90)(7.80,7.80)][(8.00,8.00)(8.10,8.10)][(8.25,5.83)(8.35,5.93)][(7.76,10.04)(7.86,10.14)]
[(7.90,7.90)(7.80,7.80)][(8.00,8.00)(8.10,8.10)][(8.19,5.83)(8.29,5.93)][(7.80,10.18)(7.90,10.28)]
[(7.90,7.90)(7.80,7.80)][(8.00,8.00)(8.10,8.10)][(8.14,5.87)(8.24,5.97)][(7.86,10.18)(7.96,10.28)]
[(7.90,7.90)(7.80,7.80)][(8.00,8.00)(8.10,8.10)][(8.09,5.83)(8.19,5.93)][(7.91,10.18)(8.01,10.28)]
[(7.90,7.90)(7.80,7.80)][(8.00,8.00)(8.10,8.10)][(8.03,5.94)(8.13,6.04)][(7.97,10.12)(8.07,10.22)]
[(7.90,7.90)(7.80,7.80)][(8.00,8.00)(8.10,8.10)][(7.98,5.87)(8.08,5.97)][(8.02,10.02)(8.12,10.12)]
[(7.90,7.90)(7.80,7.80)][(8.00,8.00)(8.10,8.10)][(7.93,5.82)(8.03,5.92)][(8.08,10.07)(8.18,10.17)]
[(7.90,7.90)(7.80,7.80)][(8.00,8.00)(8.10,8.10)][(7.87,5.94)(7.97,6.04)][(8.12,10.10)(8.22,10.20)]
[(7.90,7.90)(7.80,7.80)][(8.00,8.00)(8.10,8.10)][(7.82,5.96)(7.92,6.06)][(8.18,10.02)(8.28,10.12)]
[(7.90,7.90)(7.80,7.80)][(8.00,8.00)(8.10,8.10)][(7.77,5.99)(7.87,6.09)][(8.23,10.12)(8.33,10.22)]
[(7.90,7.90)(7.80,7.80)][(8.00,8.00)(8.10,8.10)][(7.71,5.97)(7.81,6.07)][(8.29,10.08)(8.39,10.18)]
[(7.90,7.90)(7.80,7.80)][(8.00,8.00)(8.10,8.10)][(7.67,5.93)(7.77,6.03)][(8.35,10.08)(8.45,10.18)]
[(7.90,7.90)(7.80,7.80)][(8.00,8.00)(8.10,8.10)][(7.60,5.84)(7.70,5.94)][(8.40,9.97)(8.50,10.07)]
[(7.90,7.90)(7.80,7.80)][(8.00,8.00)(8.10,8.10)][(7.58,5.99)(7.68,6.09)][(8.46,10.13)(8.56,10.23)]
[(7.90,7.90)(7.80,7.80)][(8.00,8.00)(8.10,8.10)][(7.52,5.97)(7.62,6.07)][(8.47,10.12)(8.57,10.22)]
[(7.90,7.90)(7.80,7.80)][(8.00,8.00)(8.10,8.10)][(7.44,5.88)(7.54,5.98)][(8.53,10.02)(8.63,10.12)]
[(7.90,7.90)(7.80,7.80)][(8.00,8.00)(8.10,8.10)][(7.41,5.94)(7.51,6.04)][(8.61,9.93)(8.71,10.03)]
[(7.90,7.90)(7.80,7.80)][(8.00,8.00)(8.10,8.10)][(7.35,6.03)(7.45,6.13)][(8.66,9.95)(8.76,10.05)]
[(7.90,7.90)(7.80,7.80)][(8.00,8.00)(8.10,8.10)][(7.33,6.10)(7.43,6.20)][(8.69,10.04)(8.79,10.14)]
[(7.90,7.90)(7.80,7.80)][(8.00,8.00)(8.10,8.10)][(7.27,6.02)(7.37,6.12)][(8.73,9.92)(8.83,10.02)]
[(7.90,7.90)(7.80,7.80)][(8.00,8.00)(8.10,8.10)][(7.23,6.12)(7.33,6.22)][(8.78,9.89)(8.88,9.99)]
[(7.90,7.90)(7.80,7.80)][(8.00,8.00)(8.10,8.10)][(7.17,6.00)(7.27,6.10)][(8.84,9.90)(8.94,10.00)]
[(7.90,7.90)(7.80,7.80)][(8.00,8.00)(8.10,8.10)][(7.11,6.04)(7.21,6.14)][(8.93,9.82)(9.03,9.92)]
[(7.90,7.90)(7.80,7.80)][(8.00,8.00)(8.10,8.10)][(7.06,6.08)(7.16,6.18)][(8.94,9.89)(9.04,9.99)]
[(7.90,7.90)(7.80,7.80)][(8.00,8.00)(8.10,8.10)][(7.06,6.06)(7.16,6.16)][(8.96,9.78)(9.06,9.88)]
[(7.90,7.90)(7.80,7.80)][(8.00,8.00)(8.10,8.10)][(6.98,6.14)(7.08,6.24)][(9.03,9.82)(9.13,9.92)]
[(7.90,7.90)(7.80,7.80)][(8.00,8.00)(8.10,8.10)][(6.94,6.13)(7.04,6.23)][(9.07,9.88)(9.17,9.98)]
[(7.90,7.90)(7.80,7.80)][(8.00,8.00)(8.10,8.10)][(6.85,6.19)(6.95,6.29)][(9.10,9.77)(9.20,9.87)]
[(7.90,7.90)(7.80,7.80)][(8.00,8.00)(8.10,8.10)][(6.80,6.17)(6.90,6.27)][(9.18,9.74)(9.28,9.84)]
[(7.90,7.90)(7.80,7.80)][(8.00,8.00)(8.10,8.10)][(6.75,6.36)(6.85,6.46)][(9.20,9.80)(9.30,9.90)]
[(7.90,7.90)(7.80,7.80)][(8.00,8.00)(8.10,8.10)][(6.71,6.24)(6.81,6.34)][(9.22,9.63)(9.32,9.73)]
[(7.90,7.90)(7.80,7.80)][(8.00,8.00)(8.10,8.10)][(6.75,6.30)(6.85,6.40)][(9.33,9.66)(9.43,9.76)]
[(7.90,7.90)(7.80,7.80)][(8.00,8.00)(8.10,8.10)][(6.61,6.33)(6.71,6.43)][(9.32,9.67)(9.42,9.77)]
[(7.90,7.90)(7.80,7.80)][(8.00,8.00)(8.10,8.10)][(6.63,6.40)(6.73,6.50)][(9.40,9.51)(9.50,9.61)]
[(7.90,7.90)(7.80,7.80)][(8.00,8.00)(8.10,8.10)][(6.64,6.40)(6.74,6.50)][(9.42,9.54)(9.52,9.64)]
[(7.90,7.90)(7.80,7.80)][(8.00,8.00)(8.10,8.10)][(6.57,6.43)(6.67,6.53)][(9.52,9.54)(9.62,9.64)]
[(7.90,7.90)(7.80,7.80)][(8.00,8.00)(8.10,8.10)][(6.51,6.55)(6.61,6.65)][(9.53,9.50)(9.63,9.60)]
[(7.90,7.90)(7.80,7.80)][(8.00,8.00)(8.10,8.10)][(6.43,6.63)(6.53,6.73)][(9.54,9.43)(9.64,9.53)]
[(7.90,7.90)(7.80,7.80)][(8.00,8.00)(8.10,8.10)][(6.43,6.62)(6.53,6.72)][(9.50,9.42)(9.60,9.52)]
[(7.90,7.90)(7.80,7.80)][(8.00,8.00)(8.10,8.10)][(6.43,6.57)(6.53,6.67)][(9.55,9.34)(9.65,9.44)]
[(7.90,7.90)(7.80,7.80)][(8.00,8.00)(8.10,8.10)][(6.43,6.68)(6.53,6.78)][(9.63,9.30)(9.73,9.40)]
[(7.90,7.90)(7.80,7.80)][(8.00,8.00)(8.10,8.10)][(6.35,6.70)(6.45,6.80)][(9.63,9.24)(9.73,9.34)]
[(7.90,7.90)(7.80,7.80)][(8.00,8.00)(8.10,8.10)][(6.27,6.80)(6.37,6.90)][(9.65,9.18)(9.75,9.28)]
[(7.90,7.90)(7.80,7.80)][(8.00,8.00)(8.10,8.10)][(6.24,6.78)(6.34,6.88)][(9.75,9.18)(9.85,9.28)]
[(7.90,7.90)(7.80,7.80)][(8.00,8.00)(8.10,8.10)][(6.31,6.80)(6.41,6.90)][(9.77,9.19)(9.87,9.29)]
[(7.90,7.90)(7.80,7.80)][(8.00,8.00)(8.10,8.10)][(6.30,6.88)(6.40,6.98)][(9.78,9.12)(9.88,9.22)]
[(7.90,7.90)(7.80,7.80)][(8.00,8.00)(8.10,8.10)][(6.19,6.92)(6.29,7.02)][(9.77,9.04)(9.87,9.14)]
[(7.90,7.90)(7.80,7.80)][(8.00,8.00)(8.10,8.10)][(6.20,7.02)(6.30,7.12)][(9.88,9.06)(9.98,9.16)]
[(7.90,7.90)(7.80,7.80)][(8.00,8.00)(8.10,8.10)][(6.22,7.07)(6.32,7.17)][(9.93,8.93)(10.03,9.03)]
[(7.90,7.90)(7.80,7.80)][(8.00,8.00)(8.10,8.10)][(6.07,7.09)(6.17,7.19)][(9.94,8.89)(10.04,8.99)]
[(7.90,7.90)(7.80,7.80)][(8.00,8.00)(8.10,8.10)][(6.11,7.14)(6.21,7.24)][(9.98,8.86)(10.08,8.96)]
[(7.90,7.90)(7.80,7.80)][(8.00,8.00)(8.10,8.10)][(6.10,7.17)(6.20,7.27)][(9.98,8.83)(10.08,8.93)]
[(7.90,7.90)(7.80,7.80)][(8.00,8.00)(8.10,8.10)][(6.13,7.22)(6.23,7.32)][(9.87,8.81)(9.97,8.91)]
[(7.90,7.90)(7.80,7.80)][(8.00,8.00)(8.10,8.10)][(6.10,7.29)(6.20,7.39)][(9.97,8.73)(10.07,8.83)]
[(7.90,7.90)(7.80,7.80)][(8.00,8.00)(8.10,8.10)][(5.99,7.31)(6.09,7.41)][(9.92,8.66)(10.02,8.76)]
[(7.90,7.90)(7.80,7.80)][(8.00,8.00)(8.10,8.10)][(5.93,7.36)(6.03,7.46)][(10.07,8.63)(10.17,8.73)]
[(7.90,7.90)(7.80,7.80)][(8.00,8.00)(8.10,8.10)][(6.00,7.41)(6.10,7.51)][(10.05,8.56)(10.15,8.66)]
[(7.90,7.90)(7.80,7.80)][(8.00,8.00)(8.10,8.10)][(5.88,7.47)(5.98,7.57)][(10.08,8.53)(10.18,8.63)]
[(7.90,7.90)(7.80,7.80)][(8.00,8.00)(8.10,8.10)][(5.94,7.54)(6.04,7.64)][(10.13,8.47)(10.23,8.57)]
[(7.90,7.90)(7.80,7.80)][(8.00,8.00)(8.10,8.10)][(6.03,7.58)(6.13,7.68)][(10.08,8.42)(10.18,8.52)]
[(7.90,7.90)(7.80,7.80)][(8.00,8.00)(8.10,8.10)][(5.86,7.63)(5.96,7.73)][(10.04,8.36)(10.14,8.46)]
[(7.90,7.90)(7.80,7.80)][(8.00,8.00)(8.10,8.10)][(5.93,7.69)(6.03,7.79)][(10.12,8.33)(10.22,8.43)]
[(7.90,7.90)(7.80,7.80)][(8.00,8.00)(8.10,8.10)][(5.98,7.72)(6.08,7.82)][(10.18,8.26)(10.28,8.36)]
[(7.90,7.90)(7.80,7.80)][(8.00,8.00)(8.10,8.10)][(5.92,7.79)(6.02,7.89)][(10.15,8.22)(10.25,8.32)]
[(7.90,7.90)(7.80,7.80)][(8.00,8.00)(8.10,8.10)][(6.00,7.83)(6.10,7.93)][(10.19,8.16)(10.29,8.26)]
[(7.90,7.90)(7.80,7.80)][(8.00,8.00)(8.10,8.10)][(5.94,7.89)(6.04,7.99)][(10.05,8.11)(10.15,8.21)]
[(7.90,7.90)(7.80,7.80)][(8.00,8.00)(8.10,8.10)][(5.93,7.94)(6.03,8.04)][(10.13,8.06)(10.23,8.16)]
[(7.90,7.90)(7.80,7.80)][(8.00,8.00)(8.10,8.10)][(5.94,8.00)(6.04,8.10)][(10.19,8.00)(10.29,8.10)]
[(7.90,7.90)(7.80,7.80)][(8.00,8.00)(8.10,8.10)][(6.00,8.05)(6.10,8.15)][(10.01,7.95)(10.11,8.05)]
[(7.90,7.90)(7.80,7.80)][(8.00,8.00)(8.10,8.10)][(5.93,8.10)(6.03,8.20)][(10.08,7.90)(10.18,8.00)]
[(7.90,7.90)(7.80,7.80)][(8.00,8.00)(8.10,8.10)][(5.86,8.16)(5.96,8.26)][(10.12,7.85)(10.22,7.95)]
[(7.90,7.90)(7.80,7.80)][(8.00,8.00)(8.10,8.10)][(5.83,8.21)(5.93,8.31)][(10.05,7.78)(10.15,7.88)]
[(7.90,7.90)(7.80,7.80)][(8.00,8.00)(8.10,8.10)][(5.93,8.26)(6.03,8.36)][(10.17,7.75)(10.27,7.85)]
[(7.90,7.90)(7.80,7.80)][(8.00,8.00)(8.10,8.10)][(5.94,8.30)(6.04,8.40)][(10.13,7.69)(10.23,7.79)]
[(7.90,7.90)(7.80,7.80)][(8.00,8.00)(8.10,8.10)][(5.96,8.35)(6.06,8.45)][(10.04,7.62)(10.14,7.72)]
[(7.90,7.90)(7.80,7.80)][(8.00,8.00)(8.10,8.10)][(5.93,8.42)(6.03,8.52)][(10.09,7.58)(10.19,7.68)]
[(7.90,7.90)(7.80,7.80)][(8.00,8.00)(8.10,8.10)][(6.00,8.49)(6.10,8.59)][(9.97,7.54)(10.07,7.64)]
[(7.90,7.90)(7.80,7.80)][(8.00,8.00)(8.10,8.10)][(6.00,8.51)(6.10,8.61)][(10.05,7.50)(10.15,7.60)]
[(7.90,7.90)(7.80,7.80)][(8.00,8.00)(8.10,8.10)][(6.00,8.56)(6.10,8.66)][(10.07,7.42)(10.17,7.52)]
[(7.90,7.90)(7.80,7.80)][(8.00,8.00)(8.10,8.10)][(6.00,8.62)(6.10,8.72)][(10.10,7.35)(10.20,7.45)]
[(7.90,7.90)(7.80,7.80)][(8.00,8.00)(8.10,8.10)][(5.93,8.64)(6.03,8.74)][(10.06,7.34)(10.16,7.44)]
[(7.90,7.90)(7.80,7.80)][(8.00,8.00)(8.10,8.10)][(5.96,8.72)(6.06,8.82)][(9.92,7.29)(10.02,7.39)]
[(7.90,7.90)(7.80,7.80)][(8.00,8.00)(8.10,8.10)][(6.14,8.79)(6.24,8.89)][(9.90,7.25)(10.00,7.35)]
[(7.90,7.90)(7.80,7.80)][(8.00,8.00)(8.10,8.10)][(6.09,8.83)(6.19,8.93)][(9.99,7.17)(10.09,7.27)]
[(7.90,7.90)(7.80,7.80)][(8.00,8.00)(8.10,8.10)][(6.04,8.87)(6.14,8.97)][(9.85,7.12)(9.95,7.22)]
[(7.90,7.90)(7.80,7.80)][(8.00,8.00)(8.10,8.10)][(6.20,8.88)(6.30,8.98)][(9.90,7.05)(10.00,7.15)]
[(7.90,7.90)(7.80,7.80)][(8.00,8.00)(8.10,8.10)][(6.17,8.99)(6.27,9.09)][(9.83,7.08)(9.93,7.18)]
[(7.90,7.90)(7.80,7.80)][(8.00,8.00)(8.10,8.10)][(6.18,9.05)(6.28,9.15)][(9.75,6.96)(9.85,7.06)]
[(7.90,7.90)(7.80,7.80)][(8.00,8.00)(8.10,8.10)][(6.19,9.09)(6.29,9.19)][(9.75,6.95)(9.85,7.05)]
[(7.90,7.90)(7.80,7.80)][(8.00,8.00)(8.10,8.10)][(6.18,9.13)(6.28,9.23)][(9.80,6.87)(9.90,6.97)]
[(7.90,7.90)(7.80,7.80)][(8.00,8.00)(8.10,8.10)][(6.24,9.20)(6.34,9.30)][(9.81,6.89)(9.91,6.99)]
[(7.90,7.90)(7.80,7.80)][(8.00,8.00)(8.10,8.10)][(6.29,9.14)(6.39,9.24)][(9.65,6.85)(9.75,6.95)]
[(7.90,7.90)(7.80,7.80)][(8.00,8.00)(8.10,8.10)][(6.27,9.22)(6.37,9.32)][(9.63,6.71)(9.73,6.81)]
[(7.90,7.90)(7.80,7.80)][(8.00,8.00)(8.10,8.10)][(6.33,9.26)(6.43,9.36)][(9.67,6.75)(9.77,6.85)]
[(7.90,7.90)(7.80,7.80)][(8.00,8.00)(8.10,8.10)][(6.38,9.34)(6.48,9.44)][(9.67,6.74)(9.77,6.84)]
[(7.90,7.90)(7.80,7.80)][(8.00,8.00)(8.10,8.10)][(6.43,9.33)(6.53,9.43)][(9.54,6.58)(9.64,6.68)]
[(7.90,7.90)(7.80,7.80)][(8.00,8.00)(8.10,8.10)][(6.36,9.34)(6.46,9.44)][(9.59,6.63)(9.69,6.73)]
[(7.90,7.90)(7.80,7.80)][(8.00,8.00)(8.10,8.10)][(6.51,9.48)(6.61,9.58)][(9.59,6.52)(9.69,6.62)]
[(7.90,7.90)(7.80,7.80)][(8.00,8.00)(8.10,8.10)][(6.55,9.51)(6.65,9.61)][(9.54,6.51)(9.64,6.61)]
[(7.90,7.90)(7.80,7.80)][(8.00,8.00)(8.10,8.10)][(6.54,9.51)(6.64,9.61)][(9.44,6.53)(9.54,6.63)]
[(7.90,7.90)(7.80,7.80)][(8.00,8.00)(8.10,8.10)][(6.57,9.50)(6.67,9.60)][(9.43,6.47)(9.53,6.57)]
[(7.90,7.90)(7.80,7.80)][(8.00,8.00)(8.10,8.10)][(6.57,9.53)(6.67,9.63)][(9.32,6.41)(9.42,6.51)]
[(7.90,7.90)(7.80,7.80)][(8.00,8.00)(8.10,8.10)][(6.63,9.62)(6.73,9.72)][(9.40,6.38)(9.50,6.48)]
[(7.90,7.90)(7.80,7.80)][(8.00,8.00)(8.10,8.10)][(6.68,9.59)(6.78,9.69)][(9.34,6.29)(9.44,6.39)]
[(7.90,7.90)(7.80,7.80)][(8.00,8.00)(8.10,8.10)][(6.69,9.64)(6.79,9.74)][(9.31,6.37)(9.41,6.47)]
[(7.90,7.90)(7.80,7.80)][(8.00,8.00)(8.10,8.10)][(6.80,9.73)(6.90,9.83)][(9.25,6.23)(9.35,6.33)]
[(7.90,7.90)(7.80,7.80)][(8.00,8.00)(8.10,8.10)][(6.84,9.73)(6.94,9.83)][(9.13,6.26)(9.23,6.36)]
[(7.90,7.90)(7.80,7.80)][(8.00,8.00)(8.10,8.10)][(6.92,9.71)(7.02,9.81)][(9.08,6.30)(9.18,6.40)]
[(7.90,7.90)(7.80,7.80)][(8.00,8.00)(8.10,8.10)][(6.94,9.74)(7.04,9.84)][(9.05,6.12)(9.15,6.22)]
[(7.90,7.90)(7.80,7.80)][(8.00,8.00)(8.10,8.10)][(6.95,9.86)(7.05,9.96)][(9.05,6.18)(9.15,6.28)]
[(7.90,7.90)(7.80,7.80)][(8.00,8.00)(8.10,8.10)][(7.05,9.84)(7.15,9.94)][(8.99,6.15)(9.09,6.25)]
[(7.90,7.90)(7.80,7.80)][(8.00,8.00)(8.10,8.10)][(7.05,9.79)(7.15,9.89)][(8.94,6.09)(9.04,6.19)]
[(7.90,7.90)(7.80,7.80)][(8.00,8.00)(8.10,8.10)][(7.09,9.97)(7.19,10.07)][(8.86,6.03)(8.96,6.13)]
[(7.90,7.90)(7.80,7.80)][(8.00,8.00)(8.10,8.10)][(7.18,9.95)(7.28,10.05)][(8.83,5.99)(8.93,6.09)]
[(7.90,7.90)(7.80,7.80)][(8.00,8.00)(8.10,8.10)][(7.20,9.87)(7.30,9.97)][(8.79,6.04)(8.89,6.14)]
[(7.90,7.90)(7.80,7.80)][(8.00,8.00)(8.10,8.10)][(7.22,9.95)(7.32,10.05)][(8.76,5.98)(8.86,6.08)]
[(7.90,7.90)(7.80,7.80)][(8.00,8.00)(8.10,8.10)][(7.32,10.05)(7.42,10.15)][(8.73,6.05)(8.83,6.15)]
[(7.90,7.90)(7.80,7.80)][(8.00,8.00)(8.10,8.10)][(7.35,10.05)(7.45,10.15)][(8.63,6.03)(8.73,6.13)]
[(7.90,7.90)(7.80,7.80)][(8.00,8.00)(8.10,8.10)][(7.42,10.08)(7.52,10.18)][(8.59,6.01)(8.69,6.11)]
[(7.90,7.90)(7.80,7.80)][(8.00,8.00)(8.10,8.10)][(7.45,10.11)(7.55,10.21)][(8.54,6.06)(8.64,6.16)]
[(7.90,7.90)(7.80,7.80)][(8.00,8.00)(8.10,8.10)][(7.48,10.08)(7.58,10.18)][(8.51,5.94)(8.61,6.04)]
[(7.90,7.90)(7.80,7.80)][(8.00,8.00)(8.10,8.10)][(7.57,9.98)(7.67,10.08)][(8.43,5.93)(8.53,6.03)]
[(7.90,7.90)(7.80,7.80)][(8.00,8.00)(8.10,8.10)][(7.60,10.08)(7.70,10.18)][(8.38,5.95)(8.48,6.05)]
[(7.90,7.90)(7.80,7.80)][(8.00,8.00)(8.10,8.10)][(7.67,10.01)(7.77,10.11)][(8.34,5.89)(8.44,5.99)]
[(7.90,7.90)(7.80,7.80)][(8.00,8.00)(8.10,8.10)][(7.70,10.05)(7.80,10.15)][(8.30,5.90)(8.40,6.00)]
[(7.90,7.90)(7.80,7.80)][(8.00,8.00)(8.10,8.10)][(7.76,10.00)(7.86,10.10)][(8.24,5.93)(8.34,6.03)]
[(7.90,7.90)(7.80,7.80)][(8.00,8.00)(8.10,8.10)][(7.82,10.17)(7.92,10.27)][(8.18,5.99)(8.28,6.09)]
[(7.90,7.90)(7.80,7.80)][(8.00,8.00)(8.10,8.10)][(7.87,10.12)(7.97,10.22)][(8.13,5.89)(8.23,5.99)]
[(7.90,7.90)(7.80,7.80)][(8.00,8.00)(8.10,8.10)][(7.92,10.07)(8.02,10.17)][(8.08,5.81)(8.18,5.91)]
[(7.90,7.90)(7.80,7.80)][(8.00,8.00)(8.10,8.10)][(7.97,10.04)(8.07,10.14)][(8.03,5.93)(8.13,6.03)]
[(7.90,7.90)(7.80,7.80)][(8.00,8.00)(8.10,8.10)][(8.03,10.11)(8.13,10.21)][(7.97,5.83)(8.07,5.93)]
[(7.90,7.90)(7.80,7.80)][(8.00,8.00)(8.10,8.10)][(8.08,10.17)(8.18,10.27)][(7.92,5.88)(8.02,5.98)]
[(7.90,7.90)(7.80,7.80)][(8.00,8.00)(8.10,8.10)][(8.14,10.05)(8.24,10.15)][(7.86,5.87)(7.96,5.97)]
[(7.90,7.90)(7.80,7.80)][(8.00,8.00)(8.10,8.10)][(8.18,10.02)(8.28,10.12)][(7.81,5.84)(7.91,5.94)]
[(7.90,7.90)(7.80,7.80)][(8.00,8.00)(8.10,8.10)][(8.25,9.99)(8.35,10.09)][(7.77,5.99)(7.87,6.09)]
[(7.90,7.90)(7.80,7.80)][(8.00,8.00)(8.10,8.10)][(8.29,10.06)(8.39,10.16)][(7.71,5.86)(7.81,5.96)]
[(7.90,7.90)(7.80,7.80)][(8.00,8.00)(8.10,8.10)][(8.35,10.13)(8.45,10.23)][(7.66,5.98)(7.76,6.08)]
[(7.90,7.90)(7.80,7.80)][(8.00,8.00)(8.10,8.10)][(8.38,10.10)(8.48,10.20)][(7.61,5.86)(7.71,5.96)]
[(7.90,7.90)(7.80,7.80)][(8.00,8.00)(8.10,8.10)][(8.44,10.08)(8.54,10.18)][(7.57,5.87)(7.67,5.97)]
[(7.90,7.90)(7.80,7.80)][(8.00,8.00)(8.10,8.10)][(8.48,10.02)(8.58,10.12)][(7.52,6.01)(7.62,6.11)]
[(7.90,7.90)(7.80,7.80)][(8.00,8.00)(8.10,8.10)][(8.56,9.94)(8.66,10.04)][(7.46,5.94)(7.56,6.04)]
[(7.90,7.90)(7.80,7.80)][(8.00,8.00)(8.10,8.10)][(8.57,10.01)(8.67,10.11)][(7.43,6.05)(7.53,6.15)]
[(7.90,7.90)(7.80,7.80)][(8.00,8.00)(8.10,8.10)][(8.64,9.97)(8.74,10.07)][(7.38,6.07)(7.48,6.17)]
[(7.90,7.90)(7.80,7.80)][(8.00,8.00)(8.10,8.10)][(8.72,9.97)(8.82,10.07)][(7.32,5.99)(7.42,6.09)]
[(7.90,7.90)(7.80,7.80)][(8.00,8.00)(8.10,8.10)][(8.75,9.96)(8.85,10.06)][(7.26,6.08)(7.36,6.18)]
[(7.90,7.90)(7.80,7.80)][(8.00,8.00)(8.10,8.10)][(8.83,10.03)(8.93,10.13)][(7.21,6.05)(7.31,6.15)]
[(7.90,7.90)(7.80,7.80)][(8.00,8.00)(8.10,8.10)][(8.87,9.91)(8.97,10.01)][(7.13,6.16)(7.23,6.26)]
[(7.90,7.90)(7.80,7.80)][(8.00,8.00)(8.10,8.10)][(8.93,9.82)(9.03,9.92)][(7.08,6.13)(7.18,6.23)]
[(7.90,7.90)(7.80,7.80)][(8.00,8.00)(8.10,8.10)][(8.95,9.87)(9.05,9.97)][(7.05,6.04)(7.15,6.14)]
[(7.90,7.90)(7.80,7.80)][(8.00,8.00)(8.10,8.10)][(8.96,9.78)(9.06,9.88)][(7.00,6.13)(7.10,6.23)]
[(7.90,7.90)(7.80,7.80)][(8.00,8.00)(8.10,8.10)][(9.02,9.77)(9.12,9.87)][(6.98,6.10)(7.08,6.20)]
[(7.90,7.90)(7.80,7.80)][(8.00,8.00)(8.10,8.10)][(9.12,9.73)(9.22,9.83)][(6.89,6.26)(6.99,6.36)]
[(7.90,7.90)(7.80,7.80)][(8.00,8.00)(8.10,8.10)][(9.13,9.72)(9.23,9.82)][(6.86,6.16)(6.96,6.26)]
[(7.90,7.90)(7.80,7.80)][(8.00,8.00)(8.10,8.10)][(9.12,9.71)(9.22,9.81)][(6.78,6.22)(6.88,6.32)]
[(7.90,7.90)(7.80,7.80)][(8.00,8.00)(8.10,8.10)][(9.22,9.72)(9.32,9.82)][(6.79,6.32)(6.89,6.42)]
[(7.90,7.90)(7.80,7.80)][(8.00,8.00)(8.10,8.10)][(9.22,9.64)(9.32,9.74)][(6.76,6.32)(6.86,6.42)]
[(7.90,7.90)(7.80,7.80)][(8.00,8.00)(8.10,8.10)][(9.35,9.57)(9.45,9.67)][(6.66,6.28)(6.76,6.38)]
[(7.90,7.90)(7.80,7.80)][(8.00,8.00)(8.10,8.10)][(9.37,9.69)(9.47,9.79)][(6.63,6.45)(6.73,6.55)]
[(7.90,7.90)(7.80,7.80)][(8.00,8.00)(8.10,8.10)][(9.35,9.53)(9.45,9.63)][(6.63,6.37)(6.73,6.47)]
[(7.90,7.90)(7.80,7.80)][(8.00,8.00)(8.10,8.10)][(9.47,9.52)(9.57,9.62)][(6.60,6.41)(6.70,6.51)]
[(7.90,7.90)(7.80,7.80)][(8.00,8.00)(8.10,8.10)][(9.50,9.47)(9.60,9.57)][(6.59,6.44)(6.69,6.54)]
[(7.90,7.90)(7.80,7.80)][(8.00,8.00)(8.10,8.10)][(9.53,9.49)(9.63,9.59)][(6.52,6.56)(6.62,6.66)]
[(7.90,7.90)(7.80,7.80)][(8.00,8.00)(8.10,8.10)][(9.55,9.48)(9.65,9.58)][(6.45,6.53)(6.55,6.63)]
[(7.90,7.90)(7.80,7.80)][(8.00,8.00)(8.10,8.10)][(9.60,9.35)(9.70,9.45)][(6.39,6.62)(6.49,6.72)]
[(7.90,7.90)(7.80,7.80)][(8.00,8.00)(8.10,8.10)][(9.59,9.35)(9.69,9.45)][(6.47,6.65)(6.57,6.75)]
[(7.90,7.90)(7.80,7.80)][(8.00,8.00)(8.10,8.10)][(9.71,9.30)(9.81,9.40)][(6.42,6.62)(6.52,6.72)]
[(7.90,7.90)(7.80,7.80)][(8.00,8.00)(8.10,8.10)][(9.73,9.29)(9.83,9.39)][(6.34,6.74)(6.44,6.84)]
[(7.90,7.90)(7.80,7.80)][(8.00,8.00)(8.10,8.10)][(9.68,9.19)(9.78,9.29)][(6.24,6.77)(6.34,6.87)]
[(7.90,7.90)(7.80,7.80)][(8.00,8.00)(8.10,8.10)][(9.77,9.25)(9.87,9.35)][(6.23,6.78)(6.33,6.88)]
[(7.90,7.90)(7.80,7.80)][(8.00,8.00)(8.10,8.10)][(9.75,9.13)(9.85,9.23)][(6.31,6.84)(6.41,6.94)]
[(7.90,7.90)(7.80,7.80)][(8.00,8.00)(8.10,8.10)][(9.75,9.11)(9.85,9.21)][(6.27,6.95)(6.37,7.05)]
[(7.90,7.90)(7.80,7.80)][(8.00,8.00)(8.10,8.10)][(9.84,9.08)(9.94,9.18)][(6.16,6.99)(6.26,7.09)]
[(7.90,7.90)(7.80,7.80)][(8.00,8.00)(8.10,8.10)][(9.78,9.05)(9.88,9.15)][(6.13,6.99)(6.23,7.09)]
[(7.90,7.90)(7.80,7.80)][(8.00,8.00)(8.10,8.10)][(9.91,8.98)(10.01,9.08)][(6.12,7.00)(6.22,7.10)]
[(7.90,7.90)(7.80,7.80)][(8.00,8.00)(8.10,8.10)][(9.96,8.94)(10.06,9.04)][(6.19,7.11)(6.29,7.21)]
[(7.90,7.90)(7.80,7.80)][(8.00,8.00)(8.10,8.10)][(9.93,8.91)(10.03,9.01)][(6.00,7.10)(6.10,7.20)]
[(7.90,7.90)(7.80,7.80)][(8.00,8.00)(8.10,8.10)][(10.02,8.86)(10.12,8.96)][(6.14,7.18)(6.24,7.28)]
[(7.90,7.90)(7.80,7.80)][(8.00,8.00)(8.10,8.10)][(10.03,8.74)(10.13,8.84)][(6.09,7.26)(6.19,7.36)]
[(7.90,7.90)(7.80,7.80)][(8.00,8.00)(8.10,8.10)][(10.06,8.75)(10.16,8.85)][(5.96,7.30)(6.06,7.40)]
[(7.90,7.90)(7.80,7.80)][(8.00,8.00)(8.10,8.10)][(9.96,8.69)(10.06,8.79)][(6.10,7.31)(6.20,7.41)]
[(7.90,7.90)(7.80,7.80)][(8.00,8.00)(8.10,8.10)][(9.91,8.65)(10.01,8.75)][(5.92,7.40)(6.02,7.50)]
[(7.90,7.90)(7.80,7.80)][(8.00,8.00)(8.10,8.10)][(9.98,8.56)(10.08,8.66)][(5.91,7.41)(6.01,7.51)]
[(7.90,7.90)(7.80,7.80)][(8.00,8.00)(8.10,8.10)][(10.11,8.52)(10.21,8.62)][(5.97,7.48)(6.07,7.58)]
[(7.90,7.90)(7.80,7.80)][(8.00,8.00)(8.10,8.10)][(10.09,8.49)(10.19,8.59)][(5.86,7.51)(5.96,7.61)]
[(7.90,7.90)(7.80,7.80)][(8.00,8.00)(8.10,8.10)][(9.96,8.43)(10.06,8.53)][(5.92,7.57)(6.02,7.67)]
[(7.90,7.90)(7.80,7.80)][(8.00,8.00)(8.10,8.10)][(10.08,8.36)(10.18,8.46)][(5.87,7.63)(5.97,7.73)]
[(7.90,7.90)(7.80,7.80)][(8.00,8.00)(8.10,8.10)][(9.98,8.31)(10.08,8.41)][(5.83,7.68)(5.93,7.78)]
[(7.90,7.90)(7.80,7.80)][(8.00,8.00)(8.10,8.10)][(10.05,8.26)(10.15,8.36)][(5.97,7.75)(6.07,7.85)]
[(7.90,7.90)(7.80,7.80)][(8.00,8.00)(8.10,8.10)][(10.07,8.20)(10.17,8.30)][(5.96,7.79)(6.06,7.89)]
[(7.90,7.90)(7.80,7.80)][(8.00,8.00)(8.10,8.10)][(10.06,8.16)(10.16,8.26)][(6.00,7.84)(6.10,7.94)]
[(7.90,7.90)(7.80,7.80)][(8.00,8.00)(8.10,8.10)][(10.11,8.10)(10.21,8.20)][(5.93,7.89)(6.03,7.99)]
[(7.90,7.90)(7.80,7.80)][(8.00,8.00)(8.10,8.10)][(10.15,8.05)(10.25,8.15)][(5.96,7.95)(6.06,8.05)]
[(7.90,7.90)(7.80,7.80)][(8.00,8.00)(8.10,8.10)][(10.17,8.00)(10.27,8.10)][(5.97,8.00)(6.07,8.10)]
[(7.90,7.90)(7.80,7.80)][(8.00,8.00)(8.10,8.10)][(10.17,7.94)(10.27,8.04)][(5.84,8.06)(5.94,8.16)]
[(7.90,7.90)(7.80,7.80)][(8.00,8.00)(8.10,8.10)][(10.02,7.89)(10.12,7.99)][(5.81,8.11)(5.91,8.21)]
[(7.90,7.90)(7.80,7.80)][(8.00,8.00)(8.10,8.10)][(10.01,7.84)(10.11,7.94)][(5.96,8.17)(6.06,8.27)]
[(7.90,7.90)(7.80,7.80)][(8.00,8.00)(8.10,8.10)][(10.14,7.79)(10.24,7.89)][(5.86,8.22)(5.96,8.32)]
[(7.90,7.90)(7.80,7.80)][(8.00,8.00)(8.10,8.10)][(10.07,7.74)(10.17,7.84)][(5.99,8.26)(6.09,8.36)]
[(7.90,7.90)(7.80,7.80)][(8.00,8.00)(8.10,8.10)][(10.05,7.67)(10.15,7.77)][(6.01,8.33)(6.11,8.43)]
[(7.90,7.90)(7.80,7.80)][(8.00,8.00)(8.10,8.10)][(10.03,7.64)(10.13,7.74)][(5.86,8.38)(5.96,8.48)]
[(7.90,7.90)(7.80,7.80)][(8.00,8.00)(8.10,8.10)][(10.00,7.56)(10.10,7.66)][(5.99,8.44)(6.09,8.54)]
[(7.90,7.90)(7.80,7.80)][(8.00,8.00)(8.10,8.10)][(10.13,7.51)(10.23,7.61)][(5.92,8.47)(6.02,8.57)]
[(7.90,7.90)(7.80,7.80)][(8.00,8.00)(8.10,8.10)][(10.08,7.49)(10.18,7.59)][(6.03,8.53)(6.13,8.63)]
[(7.90,7.90)(7.80,7.80)][(8.00,8.00)(8.10,8.10)][(9.93,7.41)(10.03,7.51)][(5.95,8.60)(6.05,8.70)]
[(7.90,7.90)(7.80,7.80)][(8.00,8.00)(8.10,8.10)][(10.08,7.40)(10.18,7.50)][(6.05,8.64)(6.15,8.74)]
[(7.90,7.90)(7.80,7.80)][(8.00,8.00)(8.10,8.10)][(9.95,7.30)(10.05,7.40)][(6.06,8.69)(6.16,8.79)]
[(7.90,7.90)(7.80,7.80)][(8.00,8.00)(8.10,8.10)][(9.89,7.27)(9.99,7.37)][(6.08,8.70)(6.18,8.80)]
[(7.90,7.90)(7.80,7.80)][(8.00,8.00)(8.10,8.10)][(9.92,7.24)(10.02,7.34)][(6.01,8.78)(6.11,8.88)]
[(7.90,7.90)(7.80,7.80)][(8.00,8.00)(8.10,8.10)][(9.90,7.20)(10.00,7.30)][(6.02,8.81)(6.12,8.91)]
[(7.90,7.90)(7.80,7.80)][(8.00,8.00)(8.10,8.10)][(9.97,7.14)(10.07,7.24)][(6.01,8.88)(6.11,8.98)]
[(7.90,7.90)(7.80,7.80)][(8.00,8.00)(8.10,8.10)][(9.86,7.12)(9.96,7.22)][(6.09,8.89)(6.19,8.99)]
[(7.90,7.90)(7.80,7.80)][(8.00,8.00)(8.10,8.10)][(9.95,7.02)(10.05,7.12)][(6.21,9.00)(6.31,9.10)]
[(7.90,7.90)(7.80,7.80)][(8.00,8.00)(8.10,8.10)][(9.76,6.96)(9.86,7.06)][(6.13,9.03)(6.23,9.13)]
[(7.90,7.90)(7.80,7.80)][(8.00,8.00)(8.10,8.10)][(9.85,6.94)(9.95,7.04)][(6.12,9.03)(6.22,9.13)]
[(7.90,7.90)(7.80,7.80)][(8.00,8.00)(8.10,8.10)][(9.77,6.93)(9.87,7.03)][(6.15,9.09)(6.25,9.19)]
[(7.90,7.90)(7.80,7.80)][(8.00,8.00)(8.10,8.10)][(9.79,6.89)(9.89,6.99)][(6.22,9.16)(6.32,9.26)]
[(7.90,7.90)(7.80,7.80)][(8.00,8.00)(8.10,8.10)][(9.70,6.83)(9.80,6.93)][(6.26,9.23)(6.36,9.33)]
[(7.90,7.90)(7.80,7.80)][(8.00,8.00)(8.10,8.10)][(9.71,6.82)(9.81,6.92)][(6.30,9.20)(6.40,9.30)]
[(7.90,7.90)(7.80,7.80)][(8.00,8.00)(8.10,8.10)][(9.70,6.72)(9.80,6.82)][(6.28,9.26)(6.38,9.36)]
[(7.90,7.90)(7.80,7.80)][(8.00,8.00)(8.10,8.10)][(9.69,6.68)(9.79,6.78)][(6.31,9.27)(6.41,9.37)]
[(7.90,7.90)(7.80,7.80)][(8.00,8.00)(8.10,8.10)][(9.65,6.62)(9.75,6.72)][(6.34,9.33)(6.44,9.43)]
[(7.90,7.90)(7.80,7.80)][(8.00,8.00)(8.10,8.10)][(9.64,6.63)(9.74,6.73)][(6.47,9.46)(6.57,9.56)]
[(7.90,7.90)(7.80,7.80)][(8.00,8.00)(8.10,8.10)][(9.54,6.56)(9.64,6.66)][(6.46,9.41)(6.56,9.51)]
[(7.90,7.90)(7.80,7.80)][(8.00,8.00)(8.10,8.10)][(9.44,6.59)(9.54,6.69)][(6.46,9.51)(6.56,9.61)]
[(7.90,7.90)(7.80,7.80)][(8.00,8.00)(8.10,8.10)][(9.45,6.47)(9.55,6.57)][(6.53,9.54)(6.63,9.64)]
[(7.90,7.90)(7.80,7.80)][(8.00,8.00)(8.10,8.10)][(9.45,6.39)(9.55,6.49)][(6.62,9.62)(6.72,9.72)]
[(7.90,7.90)(7.80,7.80)][(8.00,8.00)(8.10,8.10)][(9.38,6.44)(9.48,6.54)][(6.58,9.53)(6.68,9.63)]
[(7.90,7.90)(7.80,7.80)][(8.00,8.00)(8.10,8.10)][(9.28,6.37)(9.38,6.47)][(6.63,9.63)(6.73,9.73)]
[(7.90,7.90)(7.80,7.80)][(8.00,8.00)(8.10,8.10)][(9.27,6.32)(9.37,6.42)][(6.68,9.67)(6.78,9.77)]
[(7.90,7.90)(7.80,7.80)][(8.00,8.00)(8.10,8.10)][(9.19,6.24)(9.29,6.34)][(6.78,9.68)(6.88,9.78)]
[(7.90,7.90)(7.80,7.80)][(8.00,8.00)(8.10,8.10)][(9.18,6.33)(9.28,6.43)][(6.75,9.80)(6.85,9.90)]
[(7.90,7.90)(7.80,7.80)][(8.00,8.00)(8.10,8.10)][(9.16,6.32)(9.26,6.42)][(6.82,9.69)(6.92,9.79)]
[(7.90,7.90)(7.80,7.80)][(8.00,8.00)(8.10,8.10)][(9.16,6.15)(9.26,6.25)][(6.88,9.82)(6.98,9.92)]
[(7.90,7.90)(7.80,7.80)][(8.00,8.00)(8.10,8.10)][(9.12,6.27)(9.22,6.37)][(6.95,9.79)(7.05,9.89)]
[(7.90,7.90)(7.80,7.80)][(8.00,8.00)(8.10,8.10)][(9.06,6.18)(9.16,6.28)][(7.01,9.78)(7.11,9.88)]
[(7.90,7.90)(7.80,7.80)][(8.00,8.00)(8.10,8.10)][(8.99,6.08)(9.09,6.18)][(7.04,9.83)(7.14,9.93)]
[(7.90,7.90)(7.80,7.80)][(8.00,8.00)(8.10,8.10)][(8.95,6.11)(9.05,6.21)][(7.11,9.96)(7.21,10.06)]
[(7.90,7.90)(7.80,7.80)][(8.00,8.00)(8.10,8.10)][(8.85,6.04)(8.95,6.14)][(7.12,9.90)(7.22,10.00)]
[(7.90,7.90)(7.80,7.80)][(8.00,8.00)(8.10,8.10)][(8.88,6.02)(8.98,6.12)][(7.15,9.96)(7.25,10.06)]
[(7.90,7.90)(7.80,7.80)][(8.00,8.00)(8.10,8.10)][(8.76,6.00)(8.86,6.10)][(7.19,10.00)(7.29,10.10)]
[(7.90,7.90)(7.80,7.80)][(8.00,8.00)(8.10,8.10)][(8.75,5.97)(8.85,6.07)][(7.29,9.92)(7.39,10.02)]
[(7.90,7.90)(7.80,7.80)][(8.00,8.00)(8.10,8.10)][(8.67,6.10)(8.77,6.20)][(7.32,9.92)(7.42,10.02)]
[(7.90,7.90)(7.80,7.80)][(8.00,8.00)(8.10,8.10)][(8.61,6.00)(8.71,6.10)][(7.33,9.96)(7.43,10.06)]
[(7.90,7.90)(7.80,7.80)][(8.00,8.00)(8.10,8.10)][(8.59,5.95)(8.69,6.05)][(7.42,10.11)(7.52,10.21)]
[(7.90,7.90)(7.80,7.80)][(8.00,8.00)(8.10,8.10)][(8.56,6.01)(8.66,6.11)][(7.45,10.00)(7.55,10.10)]
[(7.90,7.90)(7.80,7.80)][(8.00,8.00)(8.10,8.10)][(8.48,6.05)(8.58,6.15)][(7.51,10.08)(7.61,10.18)]
[(7.90,7.90)(7.80,7.80)][(8.00,8.00)(8.10,8.10)][(8.42,5.96)(8.52,6.06)][(7.56,10.09)(7.66,10.19)]
[(7.90,7.90)(7.80,7.80)][(8.00,8.00)(8.10,8.10)][(8.41,6.03)(8.51,6.13)][(7.61,10.10)(7.71,10.20)]
[(7.90,7.90)(7.80,7.80)][(8.00,8.00)(8.10,8.10)][(8.33,5.90)(8.43,6.00)][(7.65,10.09)(7.75,10.19)]
[(7.90,7.90)(7.80,7.80)][(8.00,8.00)(8.10,8.10)][(8.27,5.94)(8.37,6.04)][(7.72,10.11)(7.82,10.21)]
[(7.90,7.90)(7.80,7.80)][(8.00,8.00)(8.10,8.10)][(8.23,5.82)(8.33,5.92)][(7.76,10.16)(7.86,10.26)]
[(7.90,7.90)(7.80,7.80)][(8.00,8.00)(8.10,8.10)][(8.17,5.89)(8.27,5.99)][(7.82,10.13)(7.92,10.23)]
[(7.90,7.90)(7.80,7.80)][(8.00,8.00)(8.10,8.10)][(8.13,5.99)(8.23,6.09)][(7.87,10.16)(7.97,10.26)]
[(7.90,7.90)(7.80,7.80)][(8.00,8.00)(8.10,8.10)][(8.07,5.85)(8.17,5.95)][(7.93,10.04)(8.03,10.14)]
[(7.90,7.90)(7.80,7.80)][(8.00,8.00)(8.10,8.10)][(8.02,5.87)(8.12,5.97)][(7.98,10.12)(8.08,10.22)]
[(7.90,7.90)(7.80,7.80)][(8.00,8.00)(8.10,8.10)][(7.97,5.93)(8.07,6.03)][(8.03,10.02)(8.13,10.12)]
[(7.90,7.90)(7.80,7.80)][(8.00,8.00)(8.10,8.10)][(7.91,5.91)(8.01,6.01)][(8.09,10.12)(8.19,10.22)]
[(7.90,7.90)(7.80,7.80)][(8.00,8.00)(8.10,8.10)][(7.86,5.81)(7.96,5.91)][(8.14,10.13)(8.24,10.23)]
[(7.90,7.90)(7.80,7.80)][(8.00,8.00)(8.10,8.10)][(7.82,5.95)(7.92,6.05)][(8.19,10.04)(8.29,10.14)]
[(7.90,7.90)(7.80,7.80)][(8.00,8.00)(8.10,8.10)][(7.76,5.89)(7.86,5.99)][(8.24,10.18)(8.34,10.28)]
[(7.90,7.90)(7.80,7.80)][(8.00,8.00)(8.10,8.10)][(7.70,5.86)(7.80,5.96)][(8.29,10.02)(8.39,10.12)]
[(7.90,7.90)(7.80,7.80)][(8.00,8.00)(8.10,8.10)][(7.66,5.87)(7.76,5.97)][(8.35,10.04)(8.45,10.14)]
[(7.90,7.90)(7.80,7.80)][(8.00,8.00)(8.10,8.10)][(7.61,5.98)(7.71,6.08)][(8.39,9.98)(8.49,10.08)]
[(7.90,7.90)(7.80,7.80)][(8.00,8.00)(8.10,8.10)][(7.54,5.93)(7.64,6.03)][(8.43,10.07)(8.53,10.17)]
[(7.90,7.90)(7.80,7.80)][(8.00,8.00)(8.10,8.10)][(7.47,6.04)(7.57,6.14)][(8.48,9.99)(8.58,10.09)]
[(7.90,7.90)(7.80,7.80)][(8.00,8.00)(8.10,8.10)][(7.43,5.96)(7.53,6.06)][(8.58,10.12)(8.68,10.22)]
[(7.90,7.90)(7.80,7.80)][(8.00,8.00)(8.10,8.10)][(7.38,6.08)(7.48,6.18)][(8.58,9.99)(8.68,10.09)]
[(7.90,7.90)(7.80,7.80)][(8.00,8.00)(8.10,8.10)][(7.32,5.92)(7.42,6.02)][(8.66,10.05)(8.76,10.15)]
[(7.90,7.90)(7.80,7.80)][(8.00,8.00)(8.10,8.10)][(7.28,5.98)(7.38,6.08)][(8.69,10.03)(8.79,10.13)]
[(7.90,7.90)(7.80,7.80)][(8.00,8.00)(8.10,8.10)][(7.27,6.06)(7.37,6.16)][(8.77,10.04)(8.87,10.14)]
[(7.90,7.90)(7.80,7.80)][(8.00,8.00)(8.10,8.10)][(7.21,6.03)(7.31,6.13)][(8.77,9.92)(8.87,10.02)]
[(7.90,7.90)(7.80,7.80)][(8.00,8.00)(8.10,8.10)][(7.15,6.17)(7.25,6.27)][(8.89,9.87)(8.99,9.97)]
[(7.90,7.90)(7.80,7.80)][(8.00,8.00)(8.10,8.10)][(7.08,6.11)(7.18,6.21)][(8.89,9.92)(8.99,10.02)]
[(7.90,7.90)(7.80,7.80)][(8.00,8.00)(8.10,8.10)][(7.07,6.10)(7.17,6.20)][(8.94,9.91)(9.04,10.01)]
[(7.90,7.90)(7.80,7.80)][(8.00,8.00)(8.10,8.10)][(6.98,6.10)(7.08,6.20)][(8.99,9.91)(9.09,10.01)]
[(7.90,7.90)(7.80,7.80)][(8.00,8.00)(8.10,8.10)][(6.99,6.11)(7.09,6.21)][(9.09,9.80)(9.19,9.90)]
[(7.90,7.90)(7.80,7.80)][(8.00,8.00)(8.10,8.10)][(6.93,6.16)(7.03,6.26)][(9.05,9.82)(9.15,9.92)]
[(7.90,7.90)(7.80,7.80)][(8.00,8.00)(8.10,8.10)][(6.84,6.30)(6.94,6.40)][(9.12,9.79)(9.22,9.89)]
[(7.90,7.90)(7.80,7.80)][(8.00,8.00)(8.10,8.10)][(6.78,6.22)(6.88,6.32)][(9.23,9.78)(9.33,9.88)]
[(7.90,7.90)(7.80,7.80)][(8.00,8.00)(8.10,8.10)][(6.76,6.25)(6.86,6.35)][(9.24,9.71)(9.34,9.81)]
[(7.90,7.90)(7.80,7.80)][(8.00,8.00)(8.10,8.10)][(6.79,6.32)(6.89,6.42)][(9.26,9.74)(9.36,9.84)]
[(7.90,7.90)(7.80,7.80)][(8.00,8.00)(8.10,8.10)][(6.74,6.41)(6.84,6.51)][(9.30,9.60)(9.40,9.70)]
[(7.90,7.90)(7.80,7.80)][(8.00,8.00)(8.10,8.10)][(6.60,6.42)(6.70,6.52)][(9.40,9.66)(9.50,9.76)]
[(7.90,7.90)(7.80,7.80)][(8.00,8.00)(8.10,8.10)][(6.55,6.48)(6.65,6.58)][(9.42,9.61)(9.52,9.71)]
[(7.90,7.90)(7.80,7.80)][(8.00,8.00)(8.10,8.10)][(6.59,6.41)(6.69,6.51)][(9.38,9.50)(9.48,9.60)]
[(7.90,7.90)(7.80,7.80)][(8.00,8.00)(8.10,8.10)][(6.51,6.52)(6.61,6.62)][(9.45,9.53)(9.55,9.63)]
[(7.90,7.90)(7.80,7.80)][(8.00,8.00)(8.10,8.10)][(6.57,6.53)(6.67,6.63)][(9.44,9.52)(9.54,9.62)]
[(7.90,7.90)(7.80,7.80)][(8.00,8.00)(8.10,8.10)][(6.52,6.57)(6.62,6.67)][(9.58,9.48)(9.68,9.58)]
[(7.90,7.90)(7.80,7.80)][(8.00,8.00)(8.10,8.10)][(6.44,6.66)(6.54,6.76)][(9.52,9.37)(9.62,9.47)]
[(7.90,7.90)(7.80,7.80)][(8.00,8.00)(8.10,8.10)][(6.42,6.60)(6.52,6.70)][(9.62,9.29)(9.72,9.39)]
[(7.90,7.90)(7.80,7.80)][(8.00,8.00)(8.10,8.10)][(6.35,6.63)(6.45,6.73)][(9.60,9.29)(9.70,9.39)]
[(7.90,7.90)(7.80,7.80)][(8.00,8.00)(8.10,8.10)][(6.30,6.79)(6.40,6.89)][(9.73,9.26)(9.83,9.36)]
[(7.90,7.90)(7.80,7.80)][(8.00,8.00)(8.10,8.10)][(6.24,6.76)(6.34,6.86)][(9.69,9.26)(9.79,9.36)]
[(7.90,7.90)(7.80,7.80)][(8.00,8.00)(8.10,8.10)][(6.32,6.86)(6.42,6.96)][(9.80,9.15)(9.90,9.25)]
[(7.90,7.90)(7.80,7.80)][(8.00,8.00)(8.10,8.10)][(6.27,6.85)(6.37,6.95)][(9.85,9.17)(9.95,9.27)]
[(7.90,7.90)(7.80,7.80)][(8.00,8.00)(8.10,8.10)][(6.24,6.89)(6.34,6.99)][(9.76,9.06)(9.86,9.16)]
[(7.90,7.90)(7.80,7.80)][(8.00,8.00)(8.10,8.10)][(6.21,6.91)(6.31,7.01)][(9.81,9.01)(9.91,9.11)]
[(7.90,7.90)(7.80,7.80)][(8.00,8.00)(8.10,8.10)][(6.10,6.95)(6.20,7.05)][(9.89,8.99)(9.99,9.09)]
[(7.90,7.90)(7.80,7.80)][(8.00,8.00)(8.10,8.10)][(6.18,7.04)(6.28,7.14)][(9.94,8.98)(10.04,9.08)]
[(7.90,7.90)(7.80,7.80)][(8.00,8.00)(8.10,8.10)][(6.05,7.08)(6.15,7.18)][(9.89,8.90)(9.99,9.00)]
[(7.90,7.90)(7.80,7.80)][(8.00,8.00)(8.10,8.10)][(6.02,7.15)(6.12,7.25)][(9.93,8.86)(10.03,8.96)]
[(7.90,7.90)(7.80,7.80)][(8.00,8.00)(8.10,8.10)][(6.07,7.19)(6.17,7.29)][(9.93,8.83)(10.03,8.93)]
[(7.90,7.90)(7.80,7.80)][(8.00,8.00)(8.10,8.10)][(5.97,7.20)(6.07,7.30)][(9.96,8.74)(10.06,8.84)]
[(7.90,7.90)(7.80,7.80)][(8.00,8.00)(8.10,8.10)][(6.00,7.25)(6.10,7.35)][(9.92,8.75)(10.02,8.85)]
[(7.90,7.90)(7.80,7.80)][(8.00,8.00)(8.10,8.10)][(6.02,7.31)(6.12,7.41)][(9.90,8.65)(10.00,8.75)]
[(7.90,7.90)(7.80,7.80)][(8.00,8.00)(8.10,8.10)][(5.94,7.36)(6.04,7.46)][(9.97,8.64)(10.07,8.74)]
[(7.90,7.90)(7.80,7.80)][(8.00,8.00)(8.10,8.10)][(5.88,7.41)(5.98,7.51)][(10.12,8.57)(10.22,8.67)]
[(7.90,7.90)(7.80,7.80)][(8.00,8.00)(8.10,8.10)][(5.94,7.51)(6.04,7.61)][(10.01,8.53)(10.11,8.63)]
[(7.90,7.90)(7.80,7.80)][(8.00,8.00)(8.10,8.10)][(5.88,7.53)(5.98,7.63)][(10.01,8.48)(10.11,8.58)]
[(7.90,7.90)(7.80,7.80)][(8.00,8.00)(8.10,8.10)][(5.92,7.58)(6.02,7.68)][(10.12,8.41)(10.22,8.51)]
[(7.90,7.90)(7.80,7.80)][(8.00,8.00)(8.10,8.10)][(5.88,7.64)(5.98,7.74)][(10.04,8.36)(10.14,8.46)]
[(7.90,7.90)(7.80,7.80)][(8.00,8.00)(8.10,8.10)][(5.99,7.69)(6.09,7.79)][(10.05,8.31)(10.15,8.41)]
[(7.90,7.90)(7.80,7.80)][(8.00,8.00)(8.10,8.10)][(5.91,7.75)(6.01,7.85)][(9.99,8.25)(10.09,8.35)]
[(7.90,7.90)(7.80,7.80)][(8.00,8.00)(8.10,8.10)][(5.92,7.80)(6.02,7.90)][(10.13,8.21)(10.23,8.31)]
[(7.90,7.90)(7.80,7.80)][(8.00,8.00)(8.10,8.10)][(5.85,7.86)(5.95,7.96)][(10.16,8.14)(10.26,8.24)]
[(7.90,7.90)(7.80,7.80)][(8.00,8.00)(8.10,8.10)][(5.88,7.90)(5.98,8.00)][(10.09,8.10)(10.19,8.20)]
[(7.90,7.90)(7.80,7.80)][(8.00,8.00)(8.10,8.10)][(5.85,7.96)(5.95,8.06)][(10.18,8.04)(10.28,8.14)]
[(7.90,7.90)(7.80,7.80)][(8.00,8.00)(8.10,8.10)][(5.90,8.01)(6.00,8.11)][(10.16,7.99)(10.26,8.09)]
[(7.90,7.90)(7.80,7.80)][(8.00,8.00)(8.10,8.10)][(5.97,8.06)(6.07,8.16)][(10.01,7.93)(10.11,8.03)]
[(7.90,7.90)(7.80,7.80)][(8.00,8.00)(8.10,8.10)][(5.89,8.12)(5.99,8.22)][(10.00,7.88)(10.10,7.98)]
[(7.90,7.90)(7.80,7.80)][(8.00,8.00)(8.10,8.10)][(5.81,8.17)(5.91,8.27)][(10.04,7.84)(10.14,7.94)]
[(7.90,7.90)(7.80,7.80)][(8.00,8.00)(8.10,8.10)][(5.97,8.23)(6.07,8.33)][(10.12,7.79)(10.22,7.89)]
[(7.90,7.90)(7.80,7.80)][(8.00,8.00)(8.10,8.10)][(5.88,8.27)(5.98,8.37)][(10.03,7.74)(10.13,7.84)]
[(7.90,7.90)(7.80,7.80)][(8.00,8.00)(8.10,8.10)][(5.92,8.31)(6.02,8.41)][(10.06,7.67)(10.16,7.77)]
[(7.90,7.90)(7.80,7.80)][(8.00,8.00)(8.10,8.10)][(5.88,8.39)(5.98,8.49)][(10.15,7.63)(10.25,7.73)]
[(7.90,7.90)(7.80,7.80)][(8.00,8.00)(8.10,8.10)][(5.92,8.42)(6.02,8.52)][(10.12,7.56)(10.22,7.66)]
[(7.90,7.90)(7.80,7.80)][(8.00,8.00)(8.10,8.10)][(5.88,8.47)(5.98,8.57)][(10.09,7.50)(10.19,7.60)]
[(7.90,7.90)(7.80,7.80)][(8.00,8.00)(8.10,8.10)][(6.07,8.52)(6.17,8.62)][(10.06,7.45)(10.16,7.55)]
[(7.90,7.90)(7.80,7.80)][(8.00,8.00)(8.10,8.10)][(5.97,8.61)(6.07,8.71)][(10.10,7.44)(10.20,7.54)]
[(7.90,7.90)(7.80,7.80)][(8.00,8.00)(8.10,8.10)][(5.96,8.66)(6.06,8.76)][(9.91,7.37)(10.01,7.47)]
[(7.90,7.90)(7.80,7.80)][(8.00,8.00)(8.10,8.10)][(6.06,8.68)(6.16,8.78)][(9.95,7.33)(10.05,7.43)]
[(7.90,7.90)(7.80,7.80)][(8.00,8.00)(8.10,8.10)][(5.96,8.74)(6.06,8.84)][(9.96,7.27)(10.06,7.37)]
[(7.90,7.90)(7.80,7.80)][(8.00,8.00)(8.10,8.10)][(6.11,8.78)(6.21,8.88)][(9.99,7.20)(10.09,7.30)]
[(7.90,7.90)(7.80,7.80)][(8.00,8.00)(8.10,8.10)][(6.10,8.83)(6.20,8.93)][(9.87,7.16)(9.97,7.26)]
[(7.90,7.90)(7.80,7.80)][(8.00,8.00)(8.10,8.10)][(6.06,8.88)(6.16,8.98)][(9.85,7.10)(9.95,7.20)]
[(7.90,7.90)(7.80,7.80)][(8.00,8.00)(8.10,8.10)][(6.19,8.90)(6.29,9.00)][(9.82,7.10)(9.92,7.20)]
[(7.90,7.90)(7.80,7.80)][(8.00,8.00)(8.10,8.10)][(6.12,8.93)(6.22,9.03)][(9.84,7.06)(9.94,7.16)]
[(7.90,7.90)(7.80,7.80)][(8.00,8.00)(8.10,8.10)][(6.24,9.03)(6.34,9.13)][(9.78,6.95)(9.88,7.05)]
[(7.90,7.90)(7.80,7.80)][(8.00,8.00)(8.10,8.10)][(6.26,9.02)(6.36,9.12)][(9.86,6.89)(9.96,6.99)]
[(7.90,7.90)(7.80,7.80)][(8.00,8.00)(8.10,8.10)][(6.16,9.13)(6.26,9.23)][(9.80,6.84)(9.90,6.94)]
[(7.90,7.90)(7.80,7.80)][(8.00,8.00)(8.10,8.10)][(6.23,9.18)(6.33,9.28)][(9.71,6.89)(9.81,6.99)]
[(7.90,7.90)(7.80,7.80)][(8.00,8.00)(8.10,8.10)][(6.29,9.20)(6.39,9.30)][(9.65,6.78)(9.75,6.88)]
[(7.90,7.90)(7.80,7.80)][(8.00,8.00)(8.10,8.10)][(6.35,9.26)(6.45,9.36)][(9.75,6.78)(9.85,6.88)]
[(7.90,7.90)(7.80,7.80)][(8.00,8.00)(8.10,8.10)][(6.34,9.32)(6.44,9.42)][(9.71,6.69)(9.81,6.79)]
[(7.90,7.90)(7.80,7.80)][(8.00,8.00)(8.10,8.10)][(6.40,9.28)(6.50,9.38)][(9.63,6.70)(9.73,6.80)]
[(7.90,7.90)(7.80,7.80)][(8.00,8.00)(8.10,8.10)][(6.39,9.42)(6.49,9.52)][(9.67,6.61)(9.77,6.71)]
[(7.90,7.90)(7.80,7.80)][(8.00,8.00)(8.10,8.10)][(6.45,9.47)(6.55,9.57)][(9.57,6.64)(9.67,6.74)]
[(7.90,7.90)(7.80,7.80)][(8.00,8.00)(8.10,8.10)][(6.44,9.50)(6.54,9.60)][(9.46,6.61)(9.56,6.71)]
[(7.90,7.90)(7.80,7.80)][(8.00,8.00)(8.10,8.10)][(6.54,9.51)(6.64,9.61)][(9.46,6.54)(9.56,6.64)]
[(7.90,7.90)(7.80,7.80)][(8.00,8.00)(8.10,8.10)][(6.61,9.52)(6.71,9.62)][(9.50,6.44)(9.60,6.54)]
[(7.90,7.90)(7.80,7.80)][(8.00,8.00)(8.10,8.10)][(6.58,9.52)(6.68,9.62)][(9.41,6.51)(9.51,6.61)]
[(7.90,7.90)(7.80,7.80)][(8.00,8.00)(8.10,8.10)][(6.69,9.55)(6.79,9.65)][(9.42,6.41)(9.52,6.51)]
[(7.90,7.90)(7.80,7.80)][(8.00,8.00)(8.10,8.10)][(6.68,9.66)(6.78,9.76)][(9.34,6.43)(9.44,6.53)]
[(7.90,7.90)(7.80,7.80)][(8.00,8.00)(8.10,8.10)][(6.74,9.69)(6.84,9.79)][(9.29,6.31)(9.39,6.41)]
[(7.90,7.90)(7.80,7.80)][(8.00,8.00)(8.10,8.10)][(6.81,9.64)(6.91,9.74)][(9.21,6.27)(9.31,6.37)]
[(7.90,7.90)(7.80,7.80)][(8.00,8.00)(8.10,8.10)][(6.77,9.80)(6.87,9.90)][(9.22,6.25)(9.32,6.35)]
[(7.90,7.90)(7.80,7.80)][(8.00,8.00)(8.10,8.10)][(6.86,9.70)(6.96,9.80)][(9.13,6.27)(9.23,6.37)]
[(7.90,7.90)(7.80,7.80)][(8.00,8.00)(8.10,8.10)][(6.90,9.79)(7.00,9.89)][(9.16,6.17)(9.26,6.27)]
[(7.90,7.90)(7.80,7.80)][(8.00,8.00)(8.10,8.10)][(6.93,9.83)(7.03,9.93)][(9.02,6.24)(9.12,6.34)]
[(7.90,7.90)(7.80,7.80)][(8.00,8.00)(8.10,8.10)][(6.93,9.84)(7.03,9.94)][(9.07,6.21)(9.17,6.31)]
[(7.90,7.90)(7.80,7.80)][(8.00,8.00)(8.10,8.10)][(7.02,9.78)(7.12,9.88)][(9.02,6.17)(9.12,6.27)]
[(7.90,7.90)(7.80,7.80)][(8.00,8.00)(8.10,8.10)][(7.09,9.94)(7.19,10.04)][(8.96,6.05)(9.06,6.15)]
[(7.90,7.90)(7.80,7.80)][(8.00,8.00)(8.10,8.10)][(7.10,9.84)(7.20,9.94)][(8.89,6.01)(8.99,6.11)]
[(7.90,7.90)(7.80,7.80)][(8.00,8.00)(8.10,8.10)][(7.17,9.94)(7.27,10.04)][(8.87,6.14)(8.97,6.24)]
[(7.90,7.90)(7.80,7.80)][(8.00,8.00)(8.10,8.10)][(7.21,10.04)(7.31,10.14)][(8.78,6.13)(8.88,6.23)]
[(7.90,7.90)(7.80,7.80)][(8.00,8.00)(8.10,8.10)][(7.23,10.05)(7.33,10.15)][(8.74,5.95)(8.84,6.05)]
[(7.90,7.90)(7.80,7.80)][(8.00,8.00)(8.10,8.10)][(7.34,10.00)(7.44,10.10)][(8.66,6.00)(8.76,6.10)]
[(7.90,7.90)(7.80,7.80)][(8.00,8.00)(8.10,8.10)][(7.34,10.09)(7.44,10.19)][(8.65,5.99)(8.75,6.09)]
[(7.90,7.90)(7.80,7.80)][(8.00,8.00)(8.10,8.10)][(7.41,9.92)(7.51,10.02)][(8.56,6.04)(8.66,6.14)]
[(7.90,7.90)(7.80,7.80)][(8.00,8.00)(8.10,8.10)][(7.45,10.10)(7.55,10.20)][(8.53,6.05)(8.63,6.15)]
[(7.90,7.90)(7.80,7.80)][(8.00,8.00)(8.10,8.10)][(7.53,10.03)(7.63,10.13)][(8.47,5.98)(8.57,6.08)]
[(7.90,7.90)(7.80,7.80)][(8.00,8.00)(8.10,8.10)][(7.57,10.04)(7.67,10.14)][(8.43,5.89)(8.53,5.99)]
[(7.90,7.90)(7.80,7.80)][(8.00,8.00)(8.10,8.10)][(7.62,10.10)(7.72,10.20)][(8.37,6.00)(8.47,6.10)]
[(7.90,7.90)(7.80,7.80)][(8.00,8.00)(8.10,8.10)][(7.68,10.07)(7.78,10.17)][(8.33,5.87)(8.43,5.97)]
[(7.90,7.90)(7.80,7.80)][(8.00,8.00)(8.10,8.10)][(7.73,10.14)(7.83,10.24)][(8.27,5.83)(8.37,5.93)]
[(7.90,7.90)(7.80,7.80)][(8.00,8.00)(8.10,8.10)][(7.77,10.06)(7.87,10.16)][(8.23,5.81)(8.33,5.91)]
[(7.90,7.90)(7.80,7.80)][(8.00,8.00)(8.10,8.10)][(7.82,10.02)(7.92,10.12)][(8.17,5.94)(8.27,6.04)]
[(7.90,7.90)(7.80,7.80)][(8.00,8.00)(8.10,8.10)][(7.88,10.19)(7.98,10.29)][(8.12,5.98)(8.22,6.08)]
[(7.90,7.90)(7.80,7.80)][(8.00,8.00)(8.10,8.10)][(7.94,10.05)(8.04,10.15)][(8.07,5.94)(8.17,6.04)]
[(7.90,7.90)(7.80,7.80)][(8.00,8.00)(8.10,8.10)][(7.99,10.00)(8.09,10.10)][(8.01,5.88)(8.11,5.98)]
[(7.90,7.90)(7.80,7.80)][(8.00,8.00)(8.10,8.10)][(8.04,10.11)(8.14,10.21)][(7.96,5.81)(8.06,5.91)]
[(7.90,7.90)(7.80,7.80)][(8.00,8.00)(8.10,8.10)][(8.09,10.14)(8.19,10.24)][(7.90,5.83)(8.00,5.93)]
[(7.90,7.90)(7.80,7.80)][(8.00,8.00)(8.10,8.10)][(8.15,10.06)(8.25,10.16)][(7.85,5.92)(7.95,6.02)]
[(7.90,7.90)(7.80,7.80)][(8.00,8.00)(8.10,8.10)][(8.20,10.10)(8.30,10.20)][(7.80,5.84)(7.90,5.94)]
[(7.90,7.90)(7.80,7.80)][(8.00,8.00)(8.10,8.10)][(8.24,10.06)(8.34,10.16)][(7.75,5.82)(7.85,5.92)]
[(7.90,7.90)(7.80,7.80)][(8.00,8.00)(8.10,8.10)][(8.30,10.17)(8.40,10.27)][(7.69,6.01)(7.79,6.11)]
[(7.90,7.90)(7.80,7.80)][(8.00,8.00)(8.10,8.10)][(8.36,10.00)(8.46,10.10)][(7.65,5.96)(7.75,6.06)]
[(7.90,7.90)(7.80,7.80)][(8.00,8.00)(8.10,8.10)][(8.41,10.02)(8.51,10.12)][(7.59,6.00)(7.69,6.10)]
[(7.90,7.90)(7.80,7.80)][(8.00,8.00)(8.10,8.10)][(8.45,10.13)(8.55,10.23)][(7.55,6.02)(7.65,6.12)]
[(7.90,7.90)(7.80,7.80)][(8.00,8.00)(8.10,8.10)][(8.49,10.09)(8.59,10.19)][(7.47,6.01)(7.57,6.11)]
[(7.90,7.90)(7.80,7.80)][(8.00,8.00)(8.10,8.10)][(8.58,9.93)(8.68,10.03)][(7.45,6.04)(7.55,6.14)]
[(7.90,7.90)(7.80,7.80)][(8.00,8.00)(8.10,8.10)][(8.60,10.07)(8.70,10.17)][(7.36,6.04)(7.46,6.14)]
[(7.90,7.90)(7.80,7.80)][(8.00,8.00)(8.10,8.10)][(8.69,10.07)(8.79,10.17)][(7.33,6.03)(7.43,6.13)]
[(7.90,7.90)(7.80,7.80)][(8.00,8.00)(8.10,8.10)][(8.68,9.90)(8.78,10.00)][(7.27,6.02)(7.37,6.12)]
[(7.90,7.90)(7.80,7.80)][(8.00,8.00)(8.10,8.10)][(8.77,9.91)(8.87,10.01)][(7.22,5.98)(7.32,6.08)]
[(7.90,7.90)(7.80,7.80)][(8.00,8.00)(8.10,8.10)][(8.78,9.96)(8.88,10.06)][(7.15,6.07)(7.25,6.17)]
[(7.90,7.90)(7.80,7.80)][(8.00,8.00)(8.10,8.10)][(8.88,9.96)(8.98,10.06)][(7.16,6.08)(7.26,6.18)]
[(7.90,7.90)(7.80,7.80)][(8.00,8.00)(8.10,8.10)][(8.93,9.85)(9.03,9.95)][(7.10,6.10)(7.20,6.20)]
[(7.90,7.90)(7.80,7.80)][(8.00,8.00)(8.10,8.10)][(8.95,9.95)(9.05,10.05)][(7.05,6.14)(7.15,6.24)]
[(7.90,7.90)(7.80,7.80)][(8.00,8.00)(8.10,8.10)][(8.99,9.85)(9.09,9.95)][(7.02,6.14)(7.12,6.24)]
[(7.90,7.90)(7.80,7.80)][(8.00,8.00)(8.10,8.10)][(9.01,9.76)(9.11,9.86)][(6.97,6.20)(7.07,6.30)]
[(7.90,7.90)(7.80,7.80)][(8.00,8.00)(8.10,8.10)][(9.13,9.74)(9.23,9.84)][(6.90,6.14)(7.00,6.24)]
[(7.90,7.90)(7.80,7.80)][(8.00,8.00)(8.10,8.10)][(9.12,9.73)(9.22,9.83)][(6.85,6.31)(6.95,6.41)]
[(7.90,7.90)(7.80,7.80)][(8.00,8.00)(8.10,8.10)][(9.17,9.69)(9.27,9.79)][(6.87,6.21)(6.97,6.31)]
[(7.90,7.90)(7.80,7.80)][(8.00,8.00)(8.10,8.10)][(9.23,9.65)(9.33,9.75)][(6.82,6.26)(6.92,6.36)]
[(7.90,7.90)(7.80,7.80)][(8.00,8.00)(8.10,8.10)][(9.26,9.68)(9.36,9.78)][(6.67,6.38)(6.77,6.48)]
[(7.90,7.90)(7.80,7.80)][(8.00,8.00)(8.10,8.10)][(9.25,9.64)(9.35,9.74)][(6.64,6.36)(6.74,6.46)]
[(7.90,7.90)(7.80,7.80)][(8.00,8.00)(8.10,8.10)][(9.38,9.66)(9.48,9.76)][(6.70,6.44)(6.80,6.54)]
[(7.90,7.90)(7.80,7.80)][(8.00,8.00)(8.10,8.10)][(9.45,9.54)(9.55,9.64)][(6.55,6.37)(6.65,6.47)]
[(7.90,7.90)(7.80,7.80)][(8.00,8.00)(8.10,8.10)][(9.43,9.52)(9.53,9.62)][(6.62,6.50)(6.72,6.60)]
[(7.90,7.90)(7.80,7.80)][(8.00,8.00)(8.10,8.10)][(9.43,9.46)(9.53,9.56)][(6.48,6.49)(6.58,6.59)]
[(7.90,7.90)(7.80,7.80)][(8.00,8.00)(8.10,8.10)][(9.51,9.44)(9.61,9.54)][(6.43,6.52)(6.53,6.62)]
[(7.90,7.90)(7.80,7.80)][(8.00,8.00)(8.10,8.10)][(9.51,9.44)(9.61,9.54)][(6.47,6.62)(6.57,6.72)]
[(7.90,7.90)(7.80,7.80)][(8.00,8.00)(8.10,8.10)][(9.52,9.44)(9.62,9.54)][(6.48,6.66)(6.58,6.76)]
[(7.90,7.90)(7.80,7.80)][(8.00,8.00)(8.10,8.10)][(9.62,9.37)(9.72,9.47)][(6.34,6.66)(6.44,6.76)]
[(7.90,7.90)(7.80,7.80)][(8.00,8.00)(8.10,8.10)][(9.59,9.25)(9.69,9.35)][(6.31,6.64)(6.41,6.74)]
[(7.90,7.90)(7.80,7.80)][(8.00,8.00)(8.10,8.10)][(9.72,9.25)(9.82,9.35)][(6.39,6.73)(6.49,6.83)]
[(7.90,7.90)(7.80,7.80)][(8.00,8.00)(8.10,8.10)][(9.75,9.21)(9.85,9.31)][(6.21,6.77)(6.31,6.87)]
[(7.90,7.90)(7.80,7.80)][(8.00,8.00)(8.10,8.10)][(9.72,9.21)(9.82,9.31)][(6.22,6.77)(6.32,6.87)]
[(7.90,7.90)(7.80,7.80)][(8.00,8.00)(8.10,8.10)][(9.78,9.17)(9.88,9.27)][(6.16,6.85)(6.26,6.95)]
[(7.90,7.90)(7.80,7.80)][(8.00,8.00)(8.10,8.10)][(9.80,9.11)(9.90,9.21)][(6.15,6.92)(6.25,7.02)]
[(7.90,7.90)(7.80,7.80)][(8.00,8.00)(8.10,8.10)][(9.82,9.01)(9.92,9.11)][(6.24,7.00)(6.34,7.10)]
[(7.90,7.90)(7.80,7.80)][(8.00,8.00)(8.10,8.10)][(9.92,8.95)(10.02,9.05)][(6.19,7.03)(6.29,7.13)]
[(7.90,7.90)(7.80,7.80)][(8.00,8.00)(8.10,8.10)][(9.81,8.93)(9.91,9.03)][(6.13,7.07)(6.23,7.17)]
[(7.90,7.90)(7.80,7.80)][(8.00,8.00)(8.10,8.10)][(9.89,8.92)(9.99,9.02)][(6.10,7.06)(6.20,7.16)]
[(7.90,7.90)(7.80,7.80)][(8.00,8.00)(8.10,8.10)][(9.85,8.83)(9.95,8.93)][(6.04,7.11)(6.14,7.21)]
[(7.90,7.90)(7.80,7.80)][(8.00,8.00)(8.10,8.10)][(9.96,8.80)(10.06,8.90)][(6.12,7.19)(6.22,7.29)]
[(7.90,7.90)(7.80,7.80)][(8.00,8.00)(8.10,8.10)][(9.96,8.75)(10.06,8.85)][(5.95,7.24)(6.05,7.34)]
[(7.90,7.90)(7.80,7.80)][(8.00,8.00)(8.10,8.10)][(9.91,8.68)(10.01,8.78)][(6.10,7.32)(6.20,7.42)]
[(7.90,7.90)(7.80,7.80)][(8.00,8.00)(8.10,8.10)][(9.94,8.65)(10.04,8.75)][(5.99,7.34)(6.09,7.44)]
[(7.90,7.90)(7.80,7.80)][(8.00,8.00)(8.10,8.10)][(9.96,8.63)(10.06,8.73)][(5.90,7.39)(6.00,7.49)]
[(7.90,7.90)(7.80,7.80)][(8.00,8.00)(8.10,8.10)][(10.11,8.57)(10.21,8.67)][(6.03,7.43)(6.13,7.53)]
[(7.90,7.90)(7.80,7.80)][(8.00,8.00)(8.10,8.10)][(9.95,8.49)(10.05,8.59)][(5.87,7.49)(5.97,7.59)]
[(7.90,7.90)(7.80,7.80)][(8.00,8.00)(8.10,8.10)][(9.99,8.47)(10.09,8.57)][(5.99,7.54)(6.09,7.64)]
[(7.90,7.90)(7.80,7.80)][(8.00,8.00)(8.10,8.10)][(10.15,8.39)(10.25,8.49)][(5.88,7.58)(5.98,7.68)]
[(7.90,7.90)(7.80,7.80)][(8.00,8.00)(8.10,8.10)][(10.07,8.34)(10.17,8.44)][(5.93,7.65)(6.03,7.75)]
[(7.90,7.90)(7.80,7.80)][(8.00,8.00)(8.10,8.10)][(10.14,8.31)(10.24,8.41)][(5.85,7.69)(5.95,7.79)]
[(7.90,7.90)(7.80,7.80)][(8.00,8.00)(8.10,8.10)][(10.07,8.24)(10.17,8.34)][(5.96,7.76)(6.06,7.86)]
[(7.90,7.90)(7.80,7.80)][(8.00,8.00)(8.10,8.10)][(10.18,8.20)(10.28,8.30)][(5.96,7.80)(6.06,7.90)]
[(7.90,7.90)(7.80,7.80)][(8.00,8.00)(8.10,8.10)][(10.10,8.14)(10.20,8.24)][(5.95,7.86)(6.05,7.96)]
[(7.90,7.90)(7.80,7.80)][(8.00,8.00)(8.10,8.10)][(10.14,8.09)(10.24,8.19)][(5.81,7.91)(5.91,8.01)]
[(7.90,7.90)(7.80,7.80)][(8.00,8.00)(8.10,8.10)][(10.12,8.04)(10.22,8.14)][(5.83,7.96)(5.93,8.06)]
[(7.90,7.90)(7.80,7.80)][(8.00,8.00)(8.10,8.10)][(10.07,7.98)(10.17,8.08)][(5.90,8.02)(6.00,8.12)]
[(7.90,7.90)(7.80,7.80)][(8.00,8.00)(8.10,8.10)][(10.12,7.93)(10.22,8.03)][(5.95,8.07)(6.05,8.17)]
[(7.90,7.90)(7.80,7.80)][(8.00,8.00)(8.10,8.10)][(10.16,7.88)(10.26,7.98)][(5.87,8.12)(5.97,8.22)]
[(7.90,7.90)(7.80,7.80)][(8.00,8.00)(8.10,8.10)][(10.03,7.83)(10.13,7.93)][(5.85,8.18)(5.95,8.28)]
[(7.90,7.90)(7.80,7.80)][(8.00,8.00)(8.10,8.10)][(10.03,7.78)(10.13,7.88)][(5.88,8.23)(5.98,8.33)]
[(7.90,7.90)(7.80,7.80)][(8.00,8.00)(8.10,8.10)][(10.06,7.71)(10.16,7.81)][(5.84,8.28)(5.94,8.38)]
[(7.90,7.90)(7.80,7.80)][(8.00,8.00)(8.10,8.10)][(10.01,7.68)(10.11,7.78)][(5.89,8.33)(5.99,8.43)]
[(7.90,7.90)(7.80,7.80)][(8.00,8.00)(8.10,8.10)][(10.05,7.62)(10.15,7.72)][(5.88,8.38)(5.98,8.48)]
[(7.90,7.90)(7.80,7.80)][(8.00,8.00)(8.10,8.10)][(10.05,7.56)(10.15,7.66)][(6.02,8.43)(6.12,8.53)]
[(7.90,7.90)(7.80,7.80)][(8.00,8.00)(8.10,8.10)][(10.06,7.49)(10.16,7.59)][(5.87,8.49)(5.97,8.59)]
[(7.90,7.90)(7.80,7.80)][(8.00,8.00)(8.10,8.10)][(9.98,7.48)(10.08,7.58)][(5.88,8.54)(5.98,8.64)]
[(7.90,7.90)(7.80,7.80)][(8.00,8.00)(8.10,8.10)][(10.00,7.40)(10.10,7.50)][(6.02,8.60)(6.12,8.70)]
[(7.90,7.90)(7.80,7.80)][(8.00,8.00)(8.10,8.10)][(9.98,7.35)(10.08,7.45)][(6.02,8.65)(6.12,8.75)]
[(7.90,7.90)(7.80,7.80)][(8.00,8.00)(8.10,8.10)][(9.92,7.30)(10.02,7.40)][(6.01,8.67)(6.11,8.77)]
[(7.90,7.90)(7.80,7.80)][(8.00,8.00)(8.10,8.10)][(9.98,7.23)(10.08,7.33)][(5.95,8.71)(6.05,8.81)]
[(7.90,7.90)(7.80,7.80)][(8.00,8.00)(8.10,8.10)][(9.92,7.18)(10.02,7.28)][(6.05,8.76)(6.15,8.86)]
[(7.90,7.90)(7.80,7.80)][(8.00,8.00)(8.10,8.10)][(9.98,7.19)(10.08,7.29)][(6.13,8.83)(6.23,8.93)]
[(7.90,7.90)(7.80,7.80)][(8.00,8.00)(8.10,8.10)][(9.88,7.11)(9.98,7.21)][(6.03,8.91)(6.13,9.01)]
[(7.90,7.90)(7.80,7.80)][(8.00,8.00)(8.10,8.10)][(9.83,7.03)(9.93,7.13)][(6.07,8.95)(6.17,9.05)]
[(7.90,7.90)(7.80,7.80)][(8.00,8.00)(8.10,8.10)][(9.80,7.06)(9.90,7.16)][(6.19,8.95)(6.29,9.05)]
[(7.90,7.90)(7.80,7.80)][(8.00,8.00)(8.10,8.10)][(9.89,7.01)(9.99,7.11)][(6.23,8.99)(6.33,9.09)]
[(7.90,7.90)(7.80,7.80)][(8.00,8.00)(8.10,8.10)][(9.86,6.96)(9.96,7.06)][(6.17,9.06)(6.27,9.16)]
[(7.90,7.90)(7.80,7.80)][(8.00,8.00)(8.10,8.10)][(9.77,6.92)(9.87,7.02)][(6.25,9.08)(6.35,9.18)]
[(7.90,7.90)(7.80,7.80)][(8.00,8.00)(8.10,8.10)][(9.79,6.83)(9.89,6.93)][(6.25,9.14)(6.35,9.24)]
[(7.90,7.90)(7.80,7.80)][(8.00,8.00)(8.10,8.10)][(9.70,6.77)(9.80,6.87)][(6.31,9.23)(6.41,9.33)]
[(7.90,7.90)(7.80,7.80)][(8.00,8.00)(8.10,8.10)][(9.75,6.74)(9.85,6.84)][(6.28,9.30)(6.38,9.40)]
[(7.90,7.90)(7.80,7.80)][(8.00,8.00)(8.10,8.10)][(9.73,6.67)(9.83,6.77)][(6.28,9.25)(6.38,9.35)]
[(7.90,7.90)(7.80,7.80)][(8.00,8.00)(8.10,8.10)][(9.63,6.63)(9.73,6.73)][(6.35,9.38)(6.45,9.48)]
[(7.90,7.90)(7.80,7.80)][(8.00,8.00)(8.10,8.10)][(9.59,6.66)(9.69,6.76)][(6.43,9.42)(6.53,9.52)]
[(7.90,7.90)(7.80,7.80)][(8.00,8.00)(8.10,8.10)][(9.52,6.60)(9.62,6.70)][(6.38,9.42)(6.48,9.52)]
[(7.90,7.90)(7.80,7.80)][(8.00,8.00)(8.10,8.10)][(9.49,6.57)(9.59,6.67)][(6.55,9.38)(6.65,9.48)]
[(7.90,7.90)(7.80,7.80)][(8.00,8.00)(8.10,8.10)][(9.50,6.45)(9.60,6.55)][(6.58,9.50)(6.68,9.60)]
[(7.90,7.90)(7.80,7.80)][(8.00,8.00)(8.10,8.10)][(9.41,6.53)(9.51,6.63)][(6.55,9.59)(6.65,9.69)]
[(7.90,7.90)(7.80,7.80)][(8.00,8.00)(8.10,8.10)][(9.36,6.45)(9.46,6.55)][(6.63,9.49)(6.73,9.59)]
[(7.90,7.90)(7.80,7.80)][(8.00,8.00)(8.10,8.10)][(9.34,6.38)(9.44,6.48)][(6.63,9.60)(6.73,9.70)]
[(7.90,7.90)(7.80,7.80)][(8.00,8.00)(8.10,8.10)][(9.34,6.36)(9.44,6.46)][(6.73,9.67)(6.83,9.77)]
[(7.90,7.90)(7.80,7.80)][(8.00,8.00)(8.10,8.10)][(9.29,6.29)(9.39,6.39)][(6.77,9.60)(6.87,9.70)]
[(7.90,7.90)(7.80,7.80)][(8.00,8.00)(8.10,8.10)][(9.21,6.26)(9.31,6.36)][(6.70,9.64)(6.80,9.74)]
[(7.90,7.90)(7.80,7.80)][(8.00,8.00)(8.10,8.10)][(9.18,6.23)(9.28,6.33)][(6.83,9.70)(6.93,9.80)]
[(7.90,7.90)(7.80,7.80)][(8.00,8.00)(8.10,8.10)][(9.12,6.18)(9.22,6.28)][(6.79,9.77)(6.89,9.87)]
[(7.90,7.90)(7.80,7.80)][(8.00,8.00)(8.10,8.10)][(9.10,6.27)(9.20,6.37)][(6.90,9.74)(7.00,9.84)]
[(7.90,7.90)(7.80,7.80)][(8.00,8.00)(8.10,8.10)][(9.02,6.25)(9.12,6.35)][(6.98,9.90)(7.08,10.00)]
[(7.90,7.90)(7.80,7.80)][(8.00,8.00)(8.10,8.10)][(8.99,6.08)(9.09,6.18)][(6.96,9.88)(7.06,9.98)]
[(7.90,7.90)(7.80,7.80)][(8.00,8.00)(8.10,8.10)][(8.99,6.06)(9.09,6.16)][(7.02,9.82)(7.12,9.92)]
[(7.90,7.90)(7.80,7.80)][(8.00,8.00)(8.10,8.10)][(8.90,6.20)(9.00,6.30)][(7.04,9.95)(7.14,10.05)]
[(7.90,7.90)(7.80,7.80)][(8.00,8.00)(8.10,8.10)][(8.85,6.05)(8.95,6.15)][(7.14,9.91)(7.24,10.01)]
[(7.90,7.90)(7.80,7.80)][(8.00,8.00)(8.10,8.10)][(8.85,6.14)(8.95,6.24)][(7.15,9.93)(7.25,10.03)]
[(7.90,7.90)(7.80,7.80)][(8.00,8.00)(8.10,8.10)][(8.79,6.06)(8.89,6.16)][(7.22,9.92)(7.32,10.02)]
[(7.90,7.90)(7.80,7.80)][(8.00,8.00)(8.10,8.10)][(8.74,6.02)(8.84,6.12)][(7.25,10.05)(7.35,10.15)]
[(7.90,7.90)(7.80,7.80)][(8.00,8.00)(8.10,8.10)][(8.69,6.07)(8.79,6.17)][(7.34,9.90)(7.44,10.00)]
[(7.90,7.90)(7.80,7.80)][(8.00,8.00)(8.10,8.10)][(8.65,5.99)(8.75,6.09)][(7.35,9.92)(7.45,10.02)]
[(7.90,7.90)(7.80,7.80)][(8.00,8.00)(8.10,8.10)][(8.56,6.02)(8.66,6.12)][(7.40,10.05)(7.50,10.15)]
[(7.90,7.90)(7.80,7.80)][(8.00,8.00)(8.10,8.10)][(8.51,5.88)(8.61,5.98)][(7.47,10.00)(7.57,10.10)]
[(7.90,7.90)(7.80,7.80)][(8.00,8.00)(8.10,8.10)][(8.46,5.89)(8.56,5.99)][(7.51,10.02)(7.61,10.12)]
[(7.90,7.90)(7.80,7.80)][(8.00,8.00)(8.10,8.10)][(8.44,5.89)(8.54,5.99)][(7.59,10.04)(7.69,10.14)]
[(7.90,7.90)(7.80,7.80)][(8.00,8.00)(8.10,8.10)][(8.37,5.99)(8.47,6.09)][(7.64,9.99)(7.74,10.09)]
[(7.90,7.90)(7.80,7.80)][(8.00,8.00)(8.10,8.10)][(8.33,5.96)(8.43,6.06)][(7.67,10.07)(7.77,10.17)]
[(7.90,7.90)(7.80,7.80)][(8.00,8.00)(8.10,8.10)][(8.27,5.91)(8.37,6.01)][(7.73,10.16)(7.83,10.26)]
[(7.90,7.90)(7.80,7.80)][(8.00,8.00)(8.10,8.10)][(8.21,5.84)(8.31,5.94)][(7.78,10.02)(7.88,10.12)]
[(7.90,7.90)(7.80,7.80)][(8.00,8.00)(8.10,8.10)][(8.17,5.89)(8.27,5.99)][(7.84,10.04)(7.94,10.14)]
[(7.90,7.90)(7.80,7.80)][(8.00,8.00)(8.10,8.10)][(8.11,5.98)(8.21,6.08)][(7.89,10.05)(7.99,10.15)]
[(7.90,7.90)(7.80,7.80)][(8.00,8.00)(8.10,8.10)][(8.06,5.86)(8.16,5.96)][(7.94,10.07)(8.04,10.17)]
[(7.90,7.90)(7.80,7.80)][(8.00,8.00)(8.10,8.10)][(8.01,5.99)(8.11,6.09)][(7.99,10.06)(8.09,10.16)]
[(7.90,7.90)(7.80,7.80)][(8.00,8.00)(8.10,8.10)][(7.95,5.83)(8.05,5.93)][(8.04,10.18)(8.14,10.28)]
[(7.90,7.90)(7.80,7.80)][(8.00,8.00)(8.10,8.10)][(7.90,5.87)(8.00,5.97)][(8.10,10.00)(8.20,10.10)]
[(7.90,7.90)(7.80,7.80)][(8.00,8.00)(8.10,8.10)][(7.85,5.90)(7.95,6.00)][(8.15,10.02)(8.25,10.12)]
[(7.90,7.90)(7.80,7.80)][(8.00,8.00)(8.10,8.10)][(7.80,5.94)(7.90,6.04)][(8.21,10.06)(8.31,10.16)]
[(7.90,7.90)(7.80,7.80)][(8.00,8.00)(8.10,8.10)][(7.74,5.87)(7.84,5.97)][(8.25,10.14)(8.35,10.24)]
[(7.90,7.90)(7.80,7.80)][(8.00,8.00)(8.10,8.10)][(7.69,5.99)(7.79,6.09)][(8.30,10.17)(8.40,10.27)]
[(7.90,7.90)(7.80,7.80)][(8.00,8.00)(8.10,8.10)][(7.63,5.88)(7.73,5.98)][(8.35,10.17)(8.45,10.27)]
[(7.90,7.90)(7.80,7.80)][(8.00,8.00)(8.10,8.10)][(7.58,5.86)(7.68,5.96)][(8.43,9.97)(8.53,10.07)]
[(7.90,7.90)(7.80,7.80)][(8.00,8.00)(8.10,8.10)][(7.53,5.89)(7.63,5.99)][(8.48,10.04)(8.58,10.14)]
[(7.90,7.90)(7.80,7.80)][(8.00,8.00)(8.10,8.10)][(7.47,5.91)(7.57,6.01)][(8.53,10.10)(8.63,10.20)]
[(7.90,7.90)(7.80,7.80)][(8.00,8.00)(8.10,8.10)][(7.44,5.99)(7.54,6.09)][(8.57,9.99)(8.67,10.09)]
[(7.90,7.90)(7.80,7.80)][(8.00,8.00)(8.10,8.10)][(7.41,6.04)(7.51,6.14)][(8.63,9.98)(8.73,10.08)]
[(7.90,7.90)(7.80,7.80)][(8.00,8.00)(8.10,8.10)][(7.31,6.09)(7.41,6.19)][(8.67,10.06)(8.77,10.16)]
[(7.90,7.90)(7.80,7.80)][(8.00,8.00)(8.10,8.10)][(7.29,6.02)(7.39,6.12)][(8.73,9.97)(8.83,10.07)]
[(7.90,7.90)(7.80,7.80)][(8.00,8.00)(8.10,8.10)][(7.20,5.95)(7.30,6.05)][(8.80,9.88)(8.90,9.98)]
[(7.90,7.90)(7.80,7.80)][(8.00,8.00)(8.10,8.10)][(7.17,6.14)(7.27,6.24)][(8.79,9.99)(8.89,10.09)]
[(7.90,7.90)(7.80,7.80)][(8.00,8.00)(8.10,8.10)][(7.12,6.15)(7.22,6.25)][(8.83,9.88)(8.93,9.98)]
[(7.90,7.90)(7.80,7.80)][(8.00,8.00)(8.10,8.10)][(7.09,6.17)(7.19,6.27)][(8.93,9.81)(9.03,9.91)]
[(7.90,7.90)(7.80,7.80)][(8.00,8.00)(8.10,8.10)][(7.06,6.21)(7.16,6.31)][(8.99,9.88)(9.09,9.98)]
[(7.90,7.90)(7.80,7.80)][(8.00,8.00)(8.10,8.10)][(6.96,6.18)(7.06,6.28)][(8.96,9.92)(9.06,10.02)]
[(7.90,7.90)(7.80,7.80)][(8.00,8.00)(8.10,8.10)][(6.91,6.26)(7.01,6.36)][(9.07,9.82)(9.17,9.92)]
[(7.90,7.90)(7.80,7.80)][(8.00,8.00)(8.10,8.10)][(6.93,6.18)(7.03,6.28)][(9.07,9.79)(9.17,9.89)]
[(7.90,7.90)(7.80,7.80)][(8.00,8.00)(8.10,8.10)][(6.84,6.30)(6.94,6.40)][(9.09,9.72)(9.19,9.82)]
[(7.90,7.90)(7.80,7.80)][(8.00,8.00)(8.10,8.10)][(6.82,6.23)(6.92,6.33)][(9.18,9.81)(9.28,9.91)]
[(7.90,7.90)(7.80,7.80)][(8.00,8.00)(8.10,8.10)][(6.82,6.37)(6.92,6.47)][(9.24,9.70)(9.34,9.80)]
[(7.90,7.90)(7.80,7.80)][(8.00,8.00)(8.10,8.10)][(6.77,6.37)(6.87,6.47)][(9.24,9.71)(9.34,9.81)]
[(7.90,7.90)(7.80,7.80)][(8.00,8.00)(8.10,8.10)][(6.68,6.35)(6.78,6.45)][(9.32,9.56)(9.42,9.66)]
[(7.90,7.90)(7.80,7.80)][(8.00,8.00)(8.10,8.10)][(6.66,6.43)(6.76,6.53)][(9.30,9.66)(9.40,9.76)]
[(7.90,7.90)(7.80,7.80)][(8.00,8.00)(8.10,8.10)][(6.65,6.37)(6.75,6.47)][(9.38,9.53)(9.48,9.63)]
[(7.90,7.90)(7.80,7.80)][(8.00,8.00)(8.10,8.10)][(6.59,6.49)(6.69,6.59)][(9.47,9.47)(9.57,9.57)]
[(7.90,7.90)(7.80,7.80)][(8.00,8.00)(8.10,8.10)][(6.47,6.55)(6.57,6.65)][(9.46,9.57)(9.56,9.67)]
[(7.90,7.90)(7.80,7.80)][(8.00,8.00)(8.10,8.10)][(6.47,6.50)(6.57,6.60)][(9.55,9.43)(9.65,9.53)]
[(7.90,7.90)(7.80,7.80)][(8.00,8.00)(8.10,8.10)][(6.48,6.53)(6.58,6.63)][(9.55,9.38)(9.65,9.48)]
[(7.90,7.90)(7.80,7.80)][(8.00,8.00)(8.10,8.10)][(6.41,6.63)(6.51,6.73)][(9.64,9.39)(9.74,9.49)]
[(7.90,7.90)(7.80,7.80)][(8.00,8.00)(8.10,8.10)][(6.33,6.68)(6.43,6.78)][(9.64,9.35)(9.74,9.45)]
[(7.90,7.90)(7.80,7.80)][(8.00,8.00)(8.10,8.10)][(6.40,6.67)(6.50,6.77)][(9.62,9.31)(9.72,9.41)]
[(7.90,7.90)(7.80,7.80)][(8.00,8.00)(8.10,8.10)][(6.30,6.73)(6.40,6.83)][(9.65,9.30)(9.75,9.40)]
[(7.90,7.90)(7.80,7.80)][(8.00,8.00)(8.10,8.10)][(6.24,6.75)(6.34,6.85)][(9.70,9.19)(9.80,9.29)]
[(7.90,7.90)(7.80,7.80)][(8.00,8.00)(8.10,8.10)][(6.28,6.86)(6.38,6.96)][(9.69,9.20)(9.79,9.30)]
[(7.90,7.90)(7.80,7.80)][(8.00,8.00)(8.10,8.10)][(6.15,6.89)(6.25,6.99)][(9.78,9.16)(9.88,9.26)]
[(7.90,7.90)(7.80,7.80)][(8.00,8.00)(8.10,8.10)][(6.28,6.87)(6.38,6.97)][(9.76,9.08)(9.86,9.18)]
[(7.90,7.90)(7.80,7.80)][(8.00,8.00)(8.10,8.10)][(6.22,6.97)(6.32,7.07)][(9.75,9.07)(9.85,9.17)]
[(7.90,7.90)(7.80,7.80)][(8.00,8.00)(8.10,8.10)][(6.20,7.01)(6.30,7.11)][(9.92,8.98)(10.02,9.08)]
[(7.90,7.90)(7.80,7.80)][(8.00,8.00)(8.10,8.10)][(6.21,7.06)(6.31,7.16)][(9.92,8.93)(10.02,9.03)]
[(7.90,7.90)(7.80,7.80)][(8.00,8.00)(8.10,8.10)][(6.05,7.06)(6.15,7.16)][(9.92,8.91)(10.02,9.01)]
[(7.90,7.90)(7.80,7.80)][(8.00,8.00)(8.10,8.10)][(6.07,7.19)(6.17,7.29)][(10.01,8.84)(10.11,8.94)]
[(7.90,7.90)(7.80,7.80)][(8.00,8.00)(8.10,8.10)][(6.04,7.19)(6.14,7.29)][(9.98,8.77)(10.08,8.87)]
[(7.90,7.90)(7.80,7.80)][(8.00,8.00)(8.10,8.10)][(6.06,7.24)(6.16,7.34)][(9.96,8.79)(10.06,8.89)]
[(7.90,7.90)(7.80,7.80)][(8.00,8.00)(8.10,8.10)][(6.07,7.29)(6.17,7.39)][(10.04,8.70)(10.14,8.80)]
[(7.90,7.90)(7.80,7.80)][(8.00,8.00)(8.10,8.10)][(5.92,7.36)(6.02,7.46)][(9.96,8.63)(10.06,8.73)]
[(7.90,7.90)(7.80,7.80)][(8.00,8.00)(8.10,8.10)][(5.95,7.37)(6.05,7.47)][(10.07,8.62)(10.17,8.72)]
[(7.90,7.90)(7.80,7.80)][(8.00,8.00)(8.10,8.10)][(6.00,7.45)(6.10,7.55)][(10.07,8.56)(10.17,8.66)]
[(7.90,7.90)(7.80,7.80)][(8.00,8.00)(8.10,8.10)][(5.87,7.52)(5.97,7.62)][(10.13,8.49)(10.23,8.59)]
[(7.90,7.90)(7.80,7.80)][(8.00,8.00)(8.10,8.10)][(5.94,7.56)(6.04,7.66)][(10.12,8.44)(10.22,8.54)]
[(7.90,7.90)(7.80,7.80)][(8.00,8.00)(8.10,8.10)][(6.00,7.60)(6.10,7.70)][(10.05,8.42)(10.15,8.52)]
[(7.90,7.90)(7.80,7.80)][(8.00,8.00)(8.10,8.10)][(5.92,7.65)(6.02,7.75)][(10.03,8.33)(10.13,8.43)]
[(7.90,7.90)(7.80,7.80)][(8.00,8.00)(8.10,8.10)][(5.82,7.70)(5.92,7.80)][(10.11,8.30)(10.21,8.40)]
[(7.90,7.90)(7.80,7.80)][(8.00,8.00)(8.10,8.10)][(5.84,7.77)(5.94,7.87)][(10.01,8.24)(10.11,8.34)]
[(7.90,7.90)(7.80,7.80)][(8.00,8.00)(8.10,8.10)][(5.83,7.81)(5.93,7.91)][(10.03,8.19)(10.13,8.29)]
[(7.90,7.90)(7.80,7.80)][(8.00,8.00)(8.10,8.10)][(5.83,7.86)(5.93,7.96)][(10.00,8.13)(10.10,8.23)]
[(7.90,7.90)(7.80,7.80)][(8.00,8.00)(8.10,8.10)][(5.95,7.92)(6.05,8.02)][(10.13,8.09)(10.23,8.19)]
[(7.90,7.90)(7.80,7.80)][(8.00,8.00)(8.10,8.10)][(5.97,7.97)(6.07,8.07)][(10.04,8.03)(10.14,8.13)]
[(7.90,7.90)(7.80,7.80)][(8.00,8.00)(8.10,8.10)][(5.91,8.02)(6.01,8.12)][(10.03,7.98)(10.13,8.08)]
[(7.90,7.90)(7.80,7.80)][(8.00,8.00)(8.10,8.10)][(5.96,8.07)(6.06,8.17)][(10.00,7.92)(10.10,8.02)]
[(7.90,7.90)(7.80,7.80)][(8.00,8.00)(8.10,8.10)][(5.82,8.13)(5.92,8.23)][(10.17,7.87)(10.27,7.97)]
[(7.90,7.90)(7.80,7.80)][(8.00,8.00)(8.10,8.10)][(5.89,8.18)(5.99,8.28)][(10.03,7.82)(10.13,7.92)]
[(7.90,7.90)(7.80,7.80)][(8.00,8.00)(8.10,8.10)][(6.01,8.24)(6.11,8.34)][(10.07,7.77)(10.17,7.87)]
[(7.90,7.90)(7.80,7.80)][(8.00,8.00)(8.10,8.10)][(6.00,8.28)(6.10,8.38)][(10.04,7.71)(10.14,7.81)]
[(7.90,7.90)(7.80,7.80)][(8.00,8.00)(8.10,8.10)][(5.92,8.32)(6.02,8.42)][(10.13,7.65)(10.23,7.75)]
[(7.90,7.90)(7.80,7.80)][(8.00,8.00)(8.10,8.10)][(5.93,8.39)(6.03,8.49)][(10.06,7.62)(10.16,7.72)]
[(7.90,7.90)(7.80,7.80)][(8.00,8.00)(8.10,8.10)][(5.91,8.46)(6.01,8.56)][(9.97,7.55)(10.07,7.65)]
[(7.90,7.90)(7.80,7.80)][(8.00,8.00)(8.10,8.10)][(5.98,8.48)(6.08,8.58)][(9.98,7.53)(10.08,7.63)]
[(7.90,7.90)(7.80,7.80)][(8.00,8.00)(8.10,8.10)][(5.96,8.57)(6.06,8.67)][(10.07,7.46)(10.17,7.56)]
[(7.90,7.90)(7.80,7.80)][(8.00,8.00)(8.10,8.10)][(5.92,8.60)(6.02,8.70)][(10.07,7.40)(10.17,7.50)]
[(7.90,7.90)(7.80,7.80)][(8.00,8.00)(8.10,8.10)][(5.99,8.67)(6.09,8.77)][(9.97,7.38)(10.07,7.48)]
[(7.90,7.90)(7.80,7.80)][(8.00,8.00)(8.10,8.10)][(6.04,8.70)(6.14,8.80)][(10.07,7.31)(10.17,7.41)]
[(7.90,7.90)(7.80,7.80)][(8.00,8.00)(8.10,8.10)][(5.97,8.75)(6.07,8.85)][(9.97,7.23)(10.07,7.33)]
[(7.90,7.90)(7.80,7.80)][(8.00,8.00)(8.10,8.10)][(6.07,8.79)(6.17,8.89)][(9.95,7.23)(10.05,7.33)]
[(7.90,7.90)(7.80,7.80)][(8.00,8.00)(8.10,8.10)][(6.01,8.82)(6.11,8.92)][(9.95,7.17)(10.05,7.27)]
[(7.90,7.90)(7.80,7.80)][(8.00,8.00)(8.10,8.10)][(6.19,8.87)(6.29,8.97)][(9.91,7.07)(10.01,7.17)]
[(7.90,7.90)(7.80,7.80)][(8.00,8.00)(8.10,8.10)][(6.06,8.96)(6.16,9.06)][(9.93,7.07)(10.03,7.17)]
[(7.90,7.90)(7.80,7.80)][(8.00,8.00)(8.10,8.10)][(6.07,8.94)(6.17,9.04)][(9.81,6.97)(9.91,7.07)]
[(7.90,7.90)(7.80,7.80)][(8.00,8.00)(8.10,8.10)][(6.24,9.08)(6.34,9.18)][(9.88,6.98)(9.98,7.08)]
[(7.90,7.90)(7.80,7.80)][(8.00,8.00)(8.10,8.10)][(6.23,9.06)(6.33,9.16)][(9.88,6.89)(9.98,6.99)]
[(7.90,7.90)(7.80,7.80)][(8.00,8.00)(8.10,8.10)][(6.30,9.16)(6.40,9.26)][(9.81,6.83)(9.91,6.93)]
[(7.90,7.90)(7.80,7.80)][(8.00,8.00)(8.10,8.10)][(6.28,9.20)(6.38,9.30)][(9.67,6.83)(9.77,6.93)]
[(7.90,7.90)(7.80,7.80)][(8.00,8.00)(8.10,8.10)][(6.22,9.19)(6.32,9.29)][(9.71,6.74)(9.81,6.84)]
[(7.90,7.90)(7.80,7.80)][(8.00,8.00)(8.10,8.10)][(6.29,9.30)(6.39,9.40)][(9.76,6.76)(9.86,6.86)]
[(7.90,7.90)(7.80,7.80)][(8.00,8.00)(8.10,8.10)][(6.29,9.30)(6.39,9.40)][(9.73,6.67)(9.83,6.77)]
[(7.90,7.90)(7.80,7.80)][(8.00,8.00)(8.10,8.10)][(6.38,9.37)(6.48,9.47)][(9.58,6.65)(9.68,6.75)]
[(7.90,7.90)(7.80,7.80)][(8.00,8.00)(8.10,8.10)][(6.42,9.44)(6.52,9.54)][(9.59,6.67)(9.69,6.77)]
[(7.90,7.90)(7.80,7.80)][(8.00,8.00)(8.10,8.10)][(6.52,9.41)(6.62,9.51)][(9.61,6.56)(9.71,6.66)]
[(7.90,7.90)(7.80,7.80)][(8.00,8.00)(8.10,8.10)][(6.52,9.48)(6.62,9.58)][(9.52,6.56)(9.62,6.66)]
[(7.90,7.90)(7.80,7.80)][(8.00,8.00)(8.10,8.10)][(6.56,9.47)(6.66,9.57)][(9.51,6.56)(9.61,6.66)]
[(7.90,7.90)(7.80,7.80)][(8.00,8.00)(8.10,8.10)][(6.50,9.51)(6.60,9.61)][(9.43,6.42)(9.53,6.52)]
[(7.90,7.90)(7.80,7.80)][(8.00,8.00)(8.10,8.10)][(6.63,9.53)(6.73,9.63)][(9.36,6.41)(9.46,6.51)]
[(7.90,7.90)(7.80,7.80)][(8.00,8.00)(8.10,8.10)][(6.65,9.59)(6.75,9.69)][(9.42,6.40)(9.52,6.50)]
[(7.90,7.90)(7.80,7.80)][(8.00,8.00)(8.10,8.10)][(6.73,9.61)(6.83,9.71)][(9.34,6.30)(9.44,6.40)]
[(7.90,7.90)(7.80,7.80)][(8.00,8.00)(8.10,8.10)][(6.75,9.71)(6.85,9.81)][(9.31,6.31)(9.41,6.41)]
[(7.90,7.90)(7.80,7.80)][(8.00,8.00)(8.10,8.10)][(6.79,9.77)(6.89,9.87)][(9.20,6.24)(9.30,6.34)]
[(7.90,7.90)(7.80,7.80)][(8.00,8.00)(8.10,8.10)][(6.79,9.65)(6.89,9.75)][(9.25,6.33)(9.35,6.43)]
[(7.90,7.90)(7.80,7.80)][(8.00,8.00)(8.10,8.10)][(6.90,9.70)(7.00,9.80)][(9.20,6.27)(9.30,6.37)]
[(7.90,7.90)(7.80,7.80)][(8.00,8.00)(8.10,8.10)][(6.89,9.73)(6.99,9.83)][(9.09,6.28)(9.19,6.38)]
[(7.90,7.90)(7.80,7.80)][(8.00,8.00)(8.10,8.10)][(6.90,9.82)(7.00,9.92)][(9.10,6.16)(9.20,6.26)]
[(7.90,7.90)(7.80,7.80)][(8.00,8.00)(8.10,8.10)][(7.00,9.81)(7.10,9.91)][(8.99,6.19)(9.09,6.29)]
[(7.90,7.90)(7.80,7.80)][(8.00,8.00)(8.10,8.10)][(7.06,9.84)(7.16,9.94)][(8.93,6.06)(9.03,6.16)]
[(7.90,7.90)(7.80,7.80)][(8.00,8.00)(8.10,8.10)][(7.12,9.80)(7.22,9.90)][(8.90,6.10)(9.00,6.20)]
[(7.90,7.90)(7.80,7.80)][(8.00,8.00)(8.10,8.10)][(7.16,9.91)(7.26,10.01)][(8.89,6.11)(8.99,6.21)]
[(7.90,7.90)(7.80,7.80)][(8.00,8.00)(8.10,8.10)][(7.14,9.92)(7.24,10.02)][(8.84,6.13)(8.94,6.23)]
[(7.90,7.90)(7.80,7.80)][(8.00,8.00)(8.10,8.10)][(7.24,9.95)(7.34,10.05)][(8.81,6.07)(8.91,6.17)]
[(7.90,7.90)(7.80,7.80)][(8.00,8.00)(8.10,8.10)][(7.29,9.88)(7.39,9.98)][(8.73,5.98)(8.83,6.08)]
[(7.90,7.90)(7.80,7.80)][(8.00,8.00)(8.10,8.10)][(7.33,10.01)(7.43,10.11)][(8.68,5.98)(8.78,6.08)]
[(7.90,7.90)(7.80,7.80)][(8.00,8.00)(8.10,8.10)][(7.37,10.00)(7.47,10.10)][(8.65,6.01)(8.75,6.11)]
[(7.90,7.90)(7.80,7.80)][(8.00,8.00)(8.10,8.10)][(7.42,10.08)(7.52,10.18)][(8.58,5.98)(8.68,6.08)]
[(7.90,7.90)(7.80,7.80)][(8.00,8.00)(8.10,8.10)][(7.50,10.04)(7.60,10.14)][(8.50,6.00)(8.60,6.10)]
[(7.90,7.90)(7.80,7.80)][(8.00,8.00)(8.10,8.10)][(7.53,9.99)(7.63,10.09)][(8.47,5.89)(8.57,5.99)]
[(7.90,7.90)(7.80,7.80)][(8.00,8.00)(8.10,8.10)][(7.59,10.12)(7.69,10.22)][(8.42,5.96)(8.52,6.06)]
[(7.90,7.90)(7.80,7.80)][(8.00,8.00)(8.10,8.10)][(7.63,10.12)(7.73,10.22)][(8.38,5.99)(8.48,6.09)]
[(7.90,7.90)(7.80,7.80)][(8.00,8.00)(8.10,8.10)][(7.70,10.03)(7.80,10.13)][(8.30,5.91)(8.40,6.01)]
[(7.90,7.90)(7.80,7.80)][(8.00,8.00)(8.10,8.10)][(7.73,10.03)(7.83,10.13)][(8.27,5.95)(8.37,6.05)]
[(7.90,7.90)(7.80,7.80)][(8.00,8.00)(8.10,8.10)][(7.78,10.16)(7.88,10.26)][(8.22,5.92)(8.32,6.02)]
[(7.90,7.90)(7.80,7.80)][(8.00,8.00)(8.10,8.10)][(7.84,10.05)(7.94,10.15)][(8.15,5.86)(8.25,5.96)]
[(7.90,7.90)(7.80,7.80)][(8.00,8.00)(8.10,8.10)][(7.90,10.17)(8.00,10.27)][(8.11,5.91)(8.21,6.01)]
[(7.90,7.90)(7.80,7.80)][(8.00,8.00)(8.10,8.10)][(7.95,10.10)(8.05,10.20)][(8.05,5.85)(8.15,5.95)]
[(7.90,7.90)(7.80,7.80)][(8.00,8.00)(8.10,8.10)][(8.00,10.05)(8.10,10.15)][(8.00,5.86)(8.10,5.96)]
