4
[(5.00,5.00)(5.00,1.00)][(11.00,5.00)(11.00,1.00)][(11.00,11.00)(11.00,15.00)][(5.00,11.00)(5.00,15.00)]
[(5.00,5.00)(4.49,1.03)][(11.00,5.00)(11.51,1.03)][(11.00,11.00)(11.51,14.97)][(5.00,11.00)(4.49,14.97)]
[(5.00,5.00)(4.00,1.13)][(11.00,5.00)(12.00,1.13)][(11.00,11.00)(12.00,14.87)][(5.00,11.00)(4.00,14.87)]
[(5.00,5.00)(3.51,1.29)][(11.00,5.00)(12.49,1.29)][(11.00,11.00)(12.49,14.71)][(5.00,11.00)(3.51,14.71)]
[(5.00,5.00)(3.06,1.50)][(11.00,5.00)(12.94,1.50)][(11.00,11.00)(12.94,14.50)][(5.00,11.00)(3.06,14.50)]
[(5.00,5.00)(2.63,1.78)][(11.00,5.00)(13.37,1.78)][(11.00,11.00)(13.37,14.22)][(5.00,11.00)(2.63,14.22)]
[(5.00,5.00)(2.24,2.11)][(11.00,5.00)(13.76,2.11)][(11.00,11.00)(13.76,13.89)][(5.00,11.00)(2.24,13.89)]
[(5.00,5.00)(1.90,2.48)][(11.00,5.00)(14.10,2.48)][(11.00,11.00)(14.10,13.52)][(5.00,11.00)(1.90,13.52)]
[(5.00,5.00)(1.60,2.89)][(11.00,5.00)(14.40,2.89)][(11.00,11.00)(14.40,13.11)][(5.00,11.00)(1.60,13.11)]
[(5.00,5.00)(1.36,3.34)][(11.00,5.00)(14.64,3.34)][(11.00,11.00)(14.64,12.66)][(5.00,11.00)(1.36,12.66)]
[(5.00,5.00)(1.18,3.81)][(11.00,5.00)(14.82,3.81)][(11.00,11.00)(14.82,12.19)][(5.00,11.00)(1.18,12.19)]
[(5.00,5.00)(1.06,4.31)][(11.00,5.00)(14.94,4.31)][(11.00,11.00)(14.94,11.69)][(5.00,11.00)(1.06,11.69)]
[(5.00,5.00)(1.00,4.81)][(11.00,5.00)(15.00,4.81)][(11.00,11.00)(15.00,11.19)][(5.00,11.00)(1.00,11.19)]
[(5.00,5.00)(1.01,5.32)][(11.00,5.00)(14.99,5.32)][(11.00,11.00)(14.99,10.68)][(5.00,11.00)(1.01,10.68)]
[(5.00,5.00)(1.08,5.82)][(11.00,5.00)(14.92,5.82)][(11.00,11.00)(14.92,10.18)][(5.00,11.00)(1.08,10.18)]
[(5.00,5.00)(1.22,6.31)][(11.00,5.00)(14.78,6.31)][(11.00,11.00)(14.78,9.69)][(5.00,11.00)(1.22,9.69)]
[(5.00,5.00)(1.42,6.78)][(11.00,5.00)(14.58,6.78)][(11.00,11.00)(14.58,9.22)][(5.00,11.00)(1.42,9.22)]
[(5.00,5.00)(1.67,7.22)][(11.00,5.00)(14.33,7.22)][(11.00,11.00)(14.33,8.78)][(5.00,11.00)(1.67,8.78)]
[(5.00,5.00)(1.98,7.62)][(11.00,5.00)(14.02,7.62)][(11.00,11.00)(14.02,8.38)][(5.00,11.00)(1.98,8.38)]
[(5.00,5.00)(2.33,7.98)][(11.00,5.00)(13.67,7.98)][(11.00,11.00)(13.67,8.02)][(5.00,11.00)(2.33,8.02)]
[(5.00,5.00)(2.73,8.29)][(11.00,5.00)(13.27,8.29)][(11.00,11.00)(13.27,7.71)][(5.00,11.00)(2.73,7.71)]
[(5.00,5.00)(3.17,8.56)][(11.00,5.00)(12.83,8.56)][(11.00,11.00)(12.83,7.44)][(5.00,11.00)(3.17,7.44)]
[(5.00,5.00)(3.63,8.76)][(11.00,5.00)(12.37,8.76)][(11.00,11.00)(12.37,7.24)][(5.00,11.00)(3.63,7.24)]
[(5.00,5.00)(4.12,8.90)][(11.00,5.00)(11.88,8.90)][(11.00,11.00)(11.88,7.10)][(5.00,11.00)(4.12,7.10)]
[(5.00,5.00)(4.62,8.98)][(11.00,5.00)(11.38,8.98)][(11.00,11.00)(11.38,7.02)][(5.00,11.00)(4.62,7.02)]
[(5.00,5.00)(5.13,9.00)][(11.00,5.00)(10.87,9.00)][(11.00,11.00)(10.87,7.00)][(5.00,11.00)(5.13,7.00)]
[(5.00,5.00)(5.63,8.95)][(11.00,5.00)(10.37,8.95)][(11.00,11.00)(10.37,7.05)][(5.00,11.00)(5.63,7.05)]
[(5.00,5.00)(6.13,8.84)][(11.00,5.00)(9.87,8.84)][(11.00,11.00)(9.87,7.16)][(5.00,11.00)(6.13,7.16)]
[(5.00,5.00)(6.60,8.66)][(11.00,5.00)(9.40,8.66)][(11.00,11.00)(9.40,7.34)][(5.00,11.00)(6.60,7.34)]
[(5.00,5.00)(7.05,8.43)][(11.00,5.00)(8.95,8.43)][(11.00,11.00)(8.95,7.57)][(5.00,11.00)(7.05,7.57)]
[(5.00,5.00)(7.47,8.14)][(11.00,5.00)(8.53,8.14)][(11.00,11.00)(8.53,7.86)][(5.00,11.00)(7.47,7.86)]
[(5.00,5.00)(7.85,7.81)][(11.00,5.00)(8.15,7.81)][(11.00,11.00)(8.15,8.19)][(5.00,11.00)(7.85,8.19)]
[(5.00,5.00)(8.18,7.42)][(11.00,5.00)(7.82,7.42)][(11.00,11.00)(7.82,8.58)][(5.00,11.00)(8.18,8.58)]
[(5.00,5.00)(8.46,7.00)][(11.00,5.00)(7.54,7.00)][(11.00,11.00)(7.54,9.00)][(5.00,11.00)(8.46,9.00)]
[(5.00,5.00)(8.69,6.55)][(11.00,5.00)(7.31,6.55)][(11.00,11.00)(7.31,9.45)][(5.00,11.00)(8.69,9.45)]
[(5.00,5.00)(8.86,6.07)][(11.00,5.00)(7.14,6.07)][(11.00,11.00)(7.14,9.93)][(5.00,11.00)(8.86,9.93)]
[(5.00,5.00)(8.96,5.57)][(11.00,5.00)(7.04,5.57)][(11.00,11.00)(7.04,10.43)][(5.00,11.00)(8.96,10.43)]
[(5.00,5.00)(9.00,5.06)][(11.00,5.00)(7.00,5.06)][(11.00,11.00)(7.00,10.94)][(5.00,11.00)(9.00,10.94)]
[(5.00,5.00)(8.98,4.56)][(11.00,5.00)(7.02,4.56)][(11.00,11.00)(7.02,11.44)][(5.00,11.00)(8.98,11.44)]
[(5.00,5.00)(8.89,4.06)][(11.00,5.00)(7.11,4.06)][(11.00,11.00)(7.11,11.94)][(5.00,11.00)(8.89,11.94)]
[(5.00,5.00)(8.74,3.57)][(11.00,5.00)(7.26,3.57)][(11.00,11.00)(7.26,12.43)][(5.00,11.00)(8.74,12.43)]
[(5.00,5.00)(8.53,3.11)][(11.00,5.00)(7.47,3.11)][(11.00,11.00)(7.47,12.89)][(5.00,11.00)(8.53,12.89)]
[(5.00,5.00)(8.26,2.68)][(11.00,5.00)(7.74,2.68)][(11.00,11.00)(7.74,13.32)][(5.00,11.00)(8.26,13.32)]
[(5.00,5.00)(7.94,2.29)][(11.00,5.00)(8.06,2.29)][(11.00,11.00)(8.06,13.71)][(5.00,11.00)(7.94,13.71)]
[(5.00,5.00)(7.57,1.94)][(11.00,5.00)(8.43,1.94)][(11.00,11.00)(8.43,14.06)][(5.00,11.00)(7.57,14.06)]
[(5.00,5.00)(7.16,1.63)][(11.00,5.00)(8.84,1.63)][(11.00,11.00)(8.84,14.37)][(5.00,11.00)(7.16,14.37)]
[(5.00,5.00)(6.72,1.39)][(11.00,5.00)(9.28,1.39)][(11.00,11.00)(9.28,14.61)][(5.00,11.00)(6.72,14.61)]
[(5.00,5.00)(6.25,1.20)][(11.00,5.00)(9.75,1.20)][(11.00,11.00)(9.75,14.80)][(5.00,11.00)(6.25,14.80)]
[(5.00,5.00)(5.76,1.07)][(11.00,5.00)(10.24,1.07)][(11.00,11.00)(10.24,14.93)][(5.00,11.00)(5.76,14.93)]
[(5.00,5.00)(5.25,1.01)][(11.00,5.00)(10.75,1.01)][(11.00,11.00)(10.75,14.99)][(5.00,11.00)(5.25,14.99)]
[(5.00,5.00)(4.75,1.01)][(11.00,5.00)(11.25,1.01)][(11.00,11.00)(11.25,14.99)][(5.00,11.00)(4.75,14.99)]
[(5.00,5.00)(4.24,1.07)][(11.00,5.00)(11.76,1.07)][(11.00,11.00)(11.76,14.93)][(5.00,11.00)(4.24,14.93)]
[(5.00,5.00)(3.75,1.20)][(11.00,5.00)(12.25,1.20)][(11.00,11.00)(12.25,14.80)][(5.00,11.00)(3.75,14.80)]
[(5.00,5.00)(3.28,1.39)][(11.00,5.00)(12.72,1.39)][(11.00,11.00)(12.72,14.61)][(5.00,11.00)(3.28,14.61)]
[(5.00,5.00)(2.84,1.63)][(11.00,5.00)(13.16,1.63)][(11.00,11.00)(13.16,14.37)][(5.00,11.00)(2.84,14.37)]
[(5.00,5.00)(2.43,1.94)][(11.00,5.00)(13.57,1.94)][(11.00,11.00)(13.57,14.06)][(5.00,11.00)(2.43,14.06)]
[(5.00,5.00)(2.06,2.29)][(11.00,5.00)(13.94,2.29)][(11.00,11.00)(13.94,13.71)][(5.00,11.00)(2.06,13.71)]
[(5.00,5.00)(1.74,2.68)][(11.00,5.00)(14.26,2.68)][(11.00,11.00)(14.26,13.32)][(5.00,11.00)(1.74,13.32)]
[(5.00,5.00)(1.47,3.11)][(11.00,5.00)(14.53,3.11)][(11.00,11.00)(14.53,12.89)][(5.00,11.00)(1.47,12.89)]
[(5.00,5.00)(1.26,3.57)][(11.00,5.00)(14.74,3.57)][(11.00,11.00)(14.74,12.43)][(5.00,11.00)(1.26,12.43)]
[(5.00,5.00)(1.11,4.06)][(11.00,5.00)(14.89,4.06)][(11.00,11.00)(14.89,11.94)][(5.00,11.00)(1.11,11.94)]
[(5.00,5.00)(1.02,4.56)][(11.00,5.00)(14.98,4.56)][(11.00,11.00)(14.98,11.44)][(5.00,11.00)(1.02,11.44)]
[(5.00,5.00)(1.00,5.06)][(11.00,5.00)(15.00,5.06)][(11.00,11.00)(15.00,10.94)][(5.00,11.00)(1.00,10.94)]
[(5.00,5.00)(1.04,5.57)][(11.00,5.00)(14.96,5.57)][(11.00,11.00)(14.96,10.43)][(5.00,11.00)(1.04,10.43)]
[(5.00,5.00)(1.14,6.07)][(11.00,5.00)(14.86,6.07)][(11.00,11.00)(14.86,9.93)][(5.00,11.00)(1.14,9.93)]
[(5.00,5.00)(1.31,6.55)][(11.00,5.00)(14.69,6.55)][(11.00,11.00)(14.69,9.45)][(5.00,11.00)(1.31,9.45)]
[(5.00,5.00)(1.54,7.00)][(11.00,5.00)(14.46,7.00)][(11.00,11.00)(14.46,9.00)][(5.00,11.00)(1.54,9.00)]
[(5.00,5.00)(1.82,7.42)][(11.00,5.00)(14.18,7.42)][(11.00,11.00)(14.18,8.58)][(5.00,11.00)(1.82,8.58)]
[(5.00,5.00)(2.15,7.81)][(11.00,5.00)(13.85,7.81)][(11.00,11.00)(13.85,8.19)][(5.00,11.00)(2.15,8.19)]
[(5.00,5.00)(2.53,8.14)][(11.00,5.00)(13.47,8.14)][(11.00,11.00)(13.47,7.86)][(5.00,11.00)(2.53,7.86)]
[(5.00,5.00)(2.95,8.43)][(11.00,5.00)(13.05,8.43)][(11.00,11.00)(13.05,7.57)][(5.00,11.00)(2.95,7.57)]
[(5.00,5.00)(3.40,8.66)][(11.00,5.00)(12.60,8.66)][(11.00,11.00)(12.60,7.34)][(5.00,11.00)(3.40,7.34)]
[(5.00,5.00)(3.87,8.84)][(11.00,5.00)(12.13,8.84)][(11.00,11.00)(12.13,7.16)][(5.00,11.00)(3.87,7.16)]
[(5.00,5.00)(4.37,8.95)][(11.00,5.00)(11.63,8.95)][(11.00,11.00)(11.63,7.05)][(5.00,11.00)(4.37,7.05)]
[(5.00,5.00)(4.87,9.00)][(11.00,5.00)(11.13,9.00)][(11.00,11.00)(11.13,7.00)][(5.00,11.00)(4.87,7.00)]
[(5.00,5.00)(5.38,8.98)][(11.00,5.00)(10.62,8.98)][(11.00,11.00)(10.62,7.02)][(5.00,11.00)(5.38,7.02)]
[(5.00,5.00)(5.88,8.90)][(11.00,5.00)(10.12,8.90)][(11.00,11.00)(10.12,7.10)][(5.00,11.00)(5.88,7.10)]
[(5.00,5.00)(6.37,8.76)][(11.00,5.00)(9.63,8.76)][(11.00,11.00)(9.63,7.24)][(5.00,11.00)(6.37,7.24)]
[(5.00,5.00)(6.83,8.56)][(11.00,5.00)(9.17,8.56)][(11.00,11.00)(9.17,7.44)][(5.00,11.00)(6.83,7.44)]
[(5.00,5.00)(7.27,8.29)][(11.00,5.00)(8.73,8.29)][(11.00,11.00)(8.73,7.71)][(5.00,11.00)(7.27,7.71)]
[(5.00,5.00)(7.67,7.98)][(11.00,5.00)(8.33,7.98)][(11.00,11.00)(8.33,8.02)][(5.00,11.00)(7.67,8.02)]
[(5.00,5.00)(8.02,7.62)][(11.00,5.00)(7.98,7.62)][(11.00,11.00)(7.98,8.38)][(5.00,11.00)(8.02,8.38)]
[(5.00,5.00)(8.33,7.22)][(11.00,5.00)(7.67,7.22)][(11.00,11.00)(7.67,8.78)][(5.00,11.00)(8.33,8.78)]
[(5.00,5.00)(8.58,6.78)][(11.00,5.00)(7.42,6.78)][(11.00,11.00)(7.42,9.22)][(5.00,11.00)(8.58,9.22)]
[(5.00,5.00)(8.78,6.31)][(11.00,5.00)(7.22,6.31)][(11.00,11.00)(7.22,9.69)][(5.00,11.00)(8.78,9.69)]
[(5.00,5.00)(8.92,5.82)][(11.00,5.00)(7.08,5.82)][(11.00,11.00)(7.08,10.18)][(5.00,11.00)(8.92,10.18)]
[(5.00,5.00)(8.99,5.32)][(11.00,5.00)(7.01,5.32)][(11.00,11.00)(7.01,10.68)][(5.00,11.00)(8.99,10.68)]
[(5.00,5.00)(9.00,4.81)][(11.00,5.00)(7.00,4.81)][(11.00,11.00)(7.00,11.19)][(5.00,11.00)(9.00,11.19)]
[(5.00,5.00)(8.94,4.31)][(11.00,5.00)(7.06,4.31)][(11.00,11.00)(7.06,11.69)][(5.00,11.00)(8.94,11.69)]
[(5.00,5.00)(8.82,3.81)][(11.00,5.00)(7.18,3.81)][(11.00,11.00)(7.18,12.19)][(5.00,11.00)(8.82,12.19)]
[(5.00,5.00)(8.64,3.34)][(11.00,5.00)(7.36,3.34)][(11.00,11.00)(7.36,12.66)][(5.00,11.00)(8.64,12.66)]
[(5.00,5.00)(8.40,2.89)][(11.00,5.00)(7.60,2.89)][(11.00,11.00)(7.60,13.11)][(5.00,11.00)(8.40,13.11)]
[(5.00,5.00)(8.10,2.48)][(11.00,5.00)(7.90,2.48)][(11.00,11.00)(7.90,13.52)][(5.00,11.00)(8.10,13.52)]
[(5.00,5.00)(7.76,2.11)][(11.00,5.00)(8.24,2.11)][(11.00,11.00)(8.24,13.89)][(5.00,11.00)(7.76,13.89)]
[(5.00,5.00)(7.37,1.78)][(11.00,5.00)(8.63,1.78)][(11.00,11.00)(8.63,14.22)][(5.00,11.00)(7.37,14.22)]
[(5.00,5.00)(6.94,1.50)][(11.00,5.00)(9.06,1.50)][(11.00,11.00)(9.06,14.50)][(5.00,11.00)(6.94,14.50)]
[(5.00,5.00)(6.49,1.29)][(11.00,5.00)(9.51,1.29)][(11.00,11.00)(9.51,14.71)][(5.00,11.00)(6.49,14.71)]
[(5.00,5.00)(6.00,1.13)][(11.00,5.00)(10.00,1.13)][(11.00,11.00)(10.00,14.87)][(5.00,11.00)(6.00,14.87)]
[(5.00,5.00)(5.51,1.03)][(11.00,5.00)(10.49,1.03)][(11.00,11.00)(10.49,14.97)][(5.00,11.00)(5.51,14.97)]
[(5.00,5.00)(5.00,1.00)][(11.00,5.00)(11.00,1.00)][(11.00,11.00)(11.00,15.00)][(5.00,11.00)(5.00,15.00)]
