1
[(3.00,5.00)(5.00,5.00)]
[(3.00,5.00)(5.90,5.00)]
[(3.00,5.00)(6.80,5.00)]
[(3.00,5.00)(7.70,5.00)]
[(3.00,5.00)(8.60,5.00)]
[(3.00,5.00)(9.50,5.00)]
[(3.00,5.00)(10.40,5.00)]
[(3.00,5.00)(11.30,5.00)]
[(3.00,5.00)(12.20,5.00)]
[(3.00,5.00)(13.10,5.00)]
[(3.00,5.00)(14.00,5.00)]
[(3.00,5.00)(14.90,5.00)]
[(3.00,5.00)(15.80,5.00)]
[(3.00,5.00)(16.70,5.00)]
[(3.00,5.00)(17.60,5.00)]
[(3.00,5.00)(18.50,5.00)]
[(3.00,5.00)(19.40,5.00)]
[(3.00,5.00)(20.30,5.00)]
[(3.00,5.00)(21.20,5.00)]
[(3.00,5.00)(22.10,5.00)]
[(3.00,5.00)(23.00,5.00)]
[(3.00,5.00)(23.90,5.00)]
[(3.00,5.00)(24.80,5.00)]
[(3.00,5.00)(25.70,5.00)]
[(3.00,5.00)(26.60,5.00)]
[(3.00,5.00)(27.50,5.00)]
[(3.00,5.00)(28.40,5.00)]
[(3.00,5.00)(29.30,5.00)]
[(3.00,5.00)(30.20,5.00)]
[(3.00,5.00)(31.10,5.00)]
[(3.00,5.00)(32.00,5.00)]
[(3.00,5.00)(32.90,5.00)]
[(3.00,5.00)(33.80,5.00)]
[(3.00,5.00)(34.70,5.00)]
[(3.00,5.00)(35.60,5.00)]
[(3.00,5.00)(36.50,5.00)]
[(3.00,5.00)(37.40,5.00)]
[(3.00,5.00)(38.30,5.00)]
[(3.00,5.00)(39.20,5.00)]
[(3.00,5.00)(40.10,5.00)]
[(3.00,5.00)(41.00,5.00)]
[(3.00,5.00)(41.90,5.00)]
[(3.00,5.00)(42.80,5.00)]
[(3.00,5.00)(43.70,5.00)]
[(3.00,5.00)(44.60,5.00)]
[(3.00,5.00)(45.50,5.00)]
[(3.00,5.00)(46.40,5.00)]
[(3.00,5.00)(47.30,5.00)]
[(3.00,5.00)(48.20,5.00)]
[(3.00,5.00)(49.10,5.00)]
[(3.00,5.00)(50.00,5.00)]
[(3.00,5.00)(49.08,5.00)]
[(3.00,5.00)(48.16,5.00)]
[(3.00,5.00)(47.24,5.00)]
[(3.00,5.00)(46.33,5.00)]
[(3.00,5.00)(45.41,5.00)]
[(3.00,5.00)(44.49,5.00)]
[(3.00,5.00)(43.57,5.00)]
[(3.00,5.00)(42.65,5.00)]
[(3.00,5.00)(41.73,5.00)]
[(3.00,5.00)(40.82,5.00)]
[(3.00,5.00)(39.90,5.00)]
[(3.00,5.00)(38.98,5.00)]
[(3.00,5.00)(38.06,5.00)]
[(3.00,5.00)(37.14,5.00)]
[(3.00,5.00)(36.22,5.00)]
[(3.00,5.00)(35.31,5.00)]
[(3.00,5.00)(34.39,5.00)]
[(3.00,5.00)(33.47,5.00)]
[(3.00,5.00)(32.55,5.00)]
[(3.00,5.00)(31.63,5.00)]
[(3.00,5.00)(30.71,5.00)]
[(3.00,5.00)(29.80,5.00)]
[(3.00,5.00)(28.88,5.00)]
[(3.00,5.00)(27.96,5.00)]
[(3.00,5.00)(27.04,5.00)]
[(3.00,5.00)(26.12,5.00)]
[(3.00,5.00)(25.20,5.00)]
[(3.00,5.00)(24.29,5.00)]
[(3.00,5.00)(23.37,5.00)]
[(3.00,5.00)(22.45,5.00)]
[(3.00,5.00)(21.53,5.00)]
[(3.00,5.00)(20.61,5.00)]
[(3.00,5.00)(19.69,5.00)]
[(3.00,5.00)(18.78,5.00)]
[(3.00,5.00)(17.86,5.00)]
[(3.00,5.00)(16.94,5.00)]
[(3.00,5.00)(16.02,5.00)]
[(3.00,5.00)(15.10,5.00)]
[(3.00,5.00)(14.18,5.00)]
[(3.00,5.00)(13.27,5.00)]
[(3.00,5.00)(12.35,5.00)]
[(3.00,5.00)(11.43,5.00)]
[(3.00,5.00)(10.51,5.00)]
[(3.00,5.00)(9.59,5.00)]
[(3.00,5.00)(8.67,5.00)]
[(3.00,5.00)(7.76,5.00)]
[(3.00,5.00)(6.84,5.00)]
[(3.00,5.00)(5.92,5.00)]
[(3.00,5.00)(5.00,5.00)]
