0
7
[(4.59,4.89)(6.50,6.28)][(7.26,5.43)(7.80,5.59)][(1.38,5.30)(1.51,6.03)][(3.50,5.49)(3.85,6.44)][(2.83,1.10)(4.47,1.82)][(3.15,6.61)(3.53,7.52)][(3.34,2.36)(4.25,1.35)]
[(4.12,4.55)(6.00,6.78)][(7.42,5.41)(7.54,6.08)][(1.65,5.62)(1.64,6.52)][(3.07,5.36)(4.33,5.94)][(2.82,1.01)(4.73,1.90)][(2.73,6.80)(3.81,7.10)][(3.61,1.87)(4.23,1.19)]
[(3.76,4.05)(5.51,6.96)][(7.70,5.82)(7.46,6.05)][(2.12,5.32)(1.14,6.12)][(2.64,4.95)(3.94,5.92)][(2.32,1.06)(4.47,1.86)][(2.42,6.47)(3.44,7.58)][(3.47,1.75)(3.73,1.68)]
[(4.00,4.55)(5.14,7.46)][(8.16,5.67)(7.26,6.37)][(2.02,5.08)(1.41,5.76)][(3.09,5.42)(4.05,6.38)][(2.04,1.15)(4.08,1.80)][(1.92,6.08)(3.06,8.05)][(3.97,1.30)(3.61,1.38)]
[(4.49,4.36)(5.43,6.96)][(8.55,5.25)(7.09,6.15)][(1.62,4.76)(1.23,5.38)][(3.44,5.28)(3.55,6.88)][(2.31,1.52)(4.56,1.58)][(1.88,6.41)(3.53,7.77)][(4.39,1.77)(3.65,1.54)]
[(4.17,4.76)(4.95,7.42)][(8.10,5.50)(6.94,5.72)][(1.99,4.43)(1.49,4.93)][(3.27,5.72)(3.99,6.38)][(2.53,2.01)(4.42,1.20)][(1.90,6.77)(3.99,7.28)][(3.91,2.10)(3.31,2.04)]
[(4.50,5.19)(4.50,7.86)][(7.62,5.52)(6.47,5.24)][(2.43,4.08)(1.36,5.26)][(3.74,6.22)(3.96,6.82)][(2.70,1.82)(4.79,1.70)][(2.24,6.49)(4.48,7.62)][(4.36,1.89)(3.53,2.28)]
[(4.37,5.00)(4.97,7.38)][(7.72,5.47)(6.35,4.76)][(2.63,3.83)(1.61,4.81)][(3.42,6.28)(3.47,7.22)][(3.06,2.14)(5.28,2.19)][(2.73,6.02)(4.21,7.64)][(4.34,2.06)(3.03,2.76)]
[(4.82,5.08)(4.71,7.63)][(7.87,5.10)(6.33,4.90)][(2.69,4.24)(1.97,5.04)][(2.94,5.97)(3.17,7.65)][(3.12,2.59)(4.79,1.84)][(2.23,5.54)(3.89,8.12)][(4.58,2.10)(3.49,3.22)]
[(4.49,5.04)(4.45,7.20)][(7.82,4.86)(6.53,5.28)][(2.58,4.46)(2.12,4.82)][(2.67,6.14)(3.47,7.23)][(3.53,2.20)(4.52,1.80)][(2.30,5.09)(3.72,7.84)][(4.42,2.38)(3.88,3.43)]
[(4.81,5.48)(3.96,7.67)][(8.32,5.05)(6.80,5.40)][(2.97,4.43)(1.71,5.24)][(2.59,6.02)(3.53,7.08)][(3.25,1.83)(4.04,1.59)][(1.85,5.59)(3.36,7.36)][(4.06,2.72)(3.43,2.93)]
[(5.22,5.48)(4.45,7.66)][(8.74,5.09)(7.26,4.99)][(3.46,3.95)(2.10,5.54)][(2.99,6.42)(3.29,7.46)][(3.75,2.17)(4.50,2.07)][(1.38,5.10)(3.14,7.18)][(3.82,2.22)(3.41,3.38)]
[(5.32,5.96)(4.50,8.12)][(9.08,5.03)(7.36,5.14)][(3.07,4.36)(1.95,5.04)][(2.49,5.95)(2.82,7.93)][(3.73,2.47)(4.31,1.87)][(1.69,5.50)(3.53,6.68)][(3.77,2.52)(2.91,2.88)]
[(5.45,6.39)(4.02,8.59)][(9.12,5.39)(6.88,4.67)][(2.59,4.66)(2.42,4.95)][(2.17,5.46)(2.45,7.77)][(4.19,2.97)(4.32,2.04)][(1.20,5.84)(3.84,6.51)][(3.28,2.53)(3.38,2.66)]
[(5.92,6.47)(4.40,8.19)][(9.28,5.74)(6.49,4.85)][(3.05,4.86)(2.54,5.43)][(2.67,4.99)(1.97,7.33)][(4.32,2.59)(3.83,2.54)][(1.49,5.40)(3.42,6.86)][(3.78,2.30)(3.83,2.96)]
[(6.42,6.42)(4.84,8.60)][(9.52,5.36)(6.02,4.41)][(3.54,5.17)(2.58,5.78)][(2.17,5.34)(2.47,7.83)][(4.18,2.84)(3.90,2.12)][(1.26,5.11)(3.73,7.36)][(4.28,2.80)(3.35,3.46)]
[(6.82,6.52)(5.32,8.23)][(9.99,5.77)(6.46,4.63)][(3.05,5.61)(2.11,6.26)][(2.22,4.84)(2.85,7.74)][(3.71,3.33)(3.47,2.62)][(1.07,4.61)(3.38,7.58)][(4.21,2.79)(3.66,3.89)]
[(6.33,6.04)(4.84,7.74)][(9.81,6.07)(6.37,5.08)][(3.50,6.05)(2.58,6.67)][(1.74,4.79)(3.30,7.82)][(3.39,2.85)(3.24,3.05)][(1.25,4.74)(3.08,7.08)][(4.00,3.14)(3.20,4.22)]
[(5.84,6.32)(5.06,7.25)][(9.32,6.55)(5.89,5.50)][(3.02,6.37)(3.05,6.94)][(1.44,5.17)(3.46,8.05)][(2.89,2.45)(3.74,2.59)][(1.38,4.42)(2.59,6.58)][(3.69,2.75)(3.62,3.86)]
[(6.14,5.83)(5.03,7.10)][(9.23,6.46)(6.38,5.20)][(3.51,6.65)(2.77,6.67)][(1.94,5.63)(3.05,8.37)][(2.39,2.73)(3.34,2.65)][(1.44,4.92)(2.63,6.69)][(3.31,2.34)(3.12,3.68)]
[(5.87,5.85)(5.07,6.62)][(9.08,6.93)(5.90,5.08)][(3.47,7.12)(3.23,6.50)][(1.96,5.68)(2.89,7.93)][(2.02,2.58)(3.31,2.34)][(1.77,4.67)(2.13,6.19)][(2.83,2.44)(3.48,4.17)]
[(5.40,5.36)(4.72,6.57)][(9.30,6.45)(5.65,5.09)][(3.54,6.63)(3.02,6.59)][(1.85,5.81)(2.39,7.64)][(1.54,3.07)(3.74,1.85)][(1.68,4.29)(1.92,6.13)][(3.04,1.98)(3.22,4.59)]
[(5.36,4.86)(5.21,6.32)][(9.00,6.00)(6.15,4.60)][(4.04,6.59)(3.45,6.10)][(1.80,6.31)(2.17,8.01)][(1.67,3.49)(4.21,2.30)][(1.33,4.41)(1.52,6.02)][(3.42,2.11)(3.42,4.89)]
[(5.17,5.19)(5.54,5.85)][(9.44,6.33)(6.64,4.63)][(4.09,7.00)(3.61,6.08)][(1.73,6.70)(1.69,8.51)][(2.05,3.92)(4.71,2.45)][(1.80,3.99)(1.76,6.24)][(3.90,2.21)(2.92,4.70)]
[(5.15,5.45)(5.08,6.34)][(9.18,5.93)(6.24,4.18)][(4.14,7.41)(3.27,5.61)][(1.57,6.99)(1.96,8.47)][(2.55,3.98)(5.21,2.94)][(1.70,4.01)(1.55,5.82)][(3.89,1.92)(3.26,4.20)]
[(5.11,5.06)(5.57,6.14)][(9.66,5.52)(5.94,4.67)][(4.43,7.70)(3.67,5.57)][(1.10,6.83)(1.78,8.71)][(3.03,3.64)(4.85,3.37)][(1.82,3.64)(1.46,5.40)][(3.39,1.48)(2.88,4.44)]
[(5.25,5.13)(6.05,5.66)][(9.43,5.99)(5.49,5.16)][(4.91,7.85)(4.17,5.44)][(1.47,7.05)(2.22,8.33)][(2.67,3.75)(4.50,3.19)][(1.78,4.00)(1.91,5.83)][(3.05,1.64)(3.25,4.12)]
[(5.75,5.54)(6.53,6.12)][(9.41,6.46)(5.45,4.67)][(4.54,7.35)(4.46,5.71)][(1.40,7.47)(2.67,7.85)][(2.94,3.59)(4.66,3.47)][(1.99,3.95)(1.70,5.47)][(3.55,1.73)(3.39,4.15)]
[(5.60,6.01)(6.03,6.23)][(8.97,5.96)(5.71,5.07)][(4.44,7.69)(4.96,6.21)][(1.89,7.02)(2.42,8.34)][(3.35,3.69)(4.75,2.97)][(1.55,3.56)(2.17,5.05)][(3.87,2.23)(2.89,3.76)]
[(5.73,6.21)(6.43,6.61)][(9.37,5.51)(6.16,5.04)][(4.90,8.19)(5.19,6.70)][(2.13,6.55)(2.11,7.88)][(3.74,3.25)(4.96,3.08)][(1.08,3.56)(2.40,4.66)][(3.69,2.32)(3.00,4.26)]
[(5.75,6.64)(6.03,6.77)][(9.56,5.76)(5.66,5.54)][(4.62,8.58)(5.15,6.28)][(2.60,6.76)(2.20,7.52)][(3.44,2.80)(5.42,2.75)][(1.58,3.09)(2.86,4.23)][(3.33,2.77)(3.50,4.61)]
[(6.24,6.69)(5.61,7.23)][(9.88,5.40)(6.13,5.12)][(4.70,8.43)(5.61,6.52)][(2.85,7.10)(2.25,7.12)][(3.05,2.31)(5.91,3.18)][(2.00,3.53)(2.37,4.18)][(3.08,3.23)(3.43,5.11)]
[(6.66,6.42)(5.77,7.72)][(9.59,5.21)(5.83,5.48)][(4.41,8.56)(6.09,6.32)][(2.94,6.80)(2.62,7.58)][(2.73,2.12)(5.45,2.75)][(2.49,3.54)(2.27,3.80)][(3.57,2.77)(3.01,5.59)]
[(6.93,6.35)(5.27,7.25)][(9.53,5.60)(6.00,5.10)][(4.01,8.63)(6.21,6.81)][(2.79,6.50)(2.62,7.92)][(2.35,2.61)(4.96,3.13)][(2.45,3.17)(2.73,3.35)][(3.14,2.79)(3.17,5.56)]
[(6.65,6.22)(5.66,7.49)][(9.06,6.08)(5.54,5.00)][(4.15,8.89)(6.70,7.28)][(2.35,6.01)(2.87,8.42)][(2.57,3.05)(5.40,2.79)][(2.09,2.71)(2.33,2.94)][(3.07,2.39)(2.69,5.38)]
[(6.44,6.41)(5.83,7.96)][(8.79,6.55)(6.01,4.50)][(3.79,8.58)(7.15,7.76)][(2.81,6.46)(2.70,8.71)][(2.09,3.48)(5.67,2.58)][(2.25,2.59)(1.84,2.68)][(3.28,2.89)(3.10,5.85)]
[(6.85,6.49)(5.79,7.96)][(9.28,6.16)(5.51,5.00)][(4.25,8.98)(6.68,7.64)][(3.15,6.05)(2.78,8.80)][(2.48,3.13)(5.17,2.84)][(1.99,2.11)(1.51,3.15)][(3.48,2.67)(3.55,6.19)]
[(7.03,6.04)(5.88,8.39)][(9.49,5.67)(5.01,4.50)][(4.22,8.70)(7.18,7.87)][(3.33,5.67)(3.21,8.30)][(2.55,2.64)(4.70,2.39)][(2.15,1.72)(1.67,3.29)][(3.00,2.17)(4.01,6.04)]
[(6.59,6.45)(5.38,8.39)][(9.32,6.15)(4.78,4.79)][(4.32,9.03)(6.69,8.35)][(3.49,5.19)(2.78,7.81)][(2.24,2.15)(4.46,2.42)][(1.73,2.20)(2.10,2.89)][(2.63,2.44)(3.81,5.72)]
[(6.09,6.95)(5.87,8.86)][(8.99,5.69)(5.27,4.52)][(3.92,8.56)(6.19,7.86)][(3.21,5.25)(3.25,7.39)][(2.62,1.66)(4.45,1.98)][(1.37,2.11)(2.15,2.61)][(2.42,1.96)(3.37,6.15)]
[(6.57,6.89)(6.36,9.22)][(9.46,6.05)(5.58,4.28)][(4.33,8.50)(5.78,8.34)][(3.33,5.02)(3.75,7.89)][(2.13,2.02)(4.79,1.54)][(1.77,2.51)(2.64,2.41)][(1.92,1.58)(2.91,6.03)]
[(6.89,6.39)(6.71,9.35)][(9.92,5.97)(6.05,4.70)][(4.57,8.94)(5.28,8.79)][(3.74,5.13)(4.00,8.32)][(1.63,1.53)(4.56,2.01)][(1.89,2.94)(2.14,1.95)][(2.30,1.10)(3.21,5.98)]
[(6.43,6.80)(6.43,9.85)][(9.60,6.47)(6.45,4.56)][(4.96,8.61)(4.93,8.40)][(3.54,5.60)(4.00,8.59)][(1.29,1.68)(4.45,1.52)][(1.66,3.10)(1.68,1.49)][(2.77,1.25)(2.91,6.42)]
[(6.78,7.27)(6.00,9.93)][(9.13,6.02)(6.76,5.05)][(5.46,8.80)(5.07,8.01)][(3.10,5.45)(3.51,8.10)][(1.63,1.83)(4.29,1.67)][(1.30,2.63)(1.63,1.04)][(3.18,1.53)(3.20,5.92)]
[(6.33,7.10)(5.53,9.45)][(9.38,6.39)(6.90,4.81)][(5.21,9.30)(5.30,7.71)][(3.59,5.15)(3.39,8.35)][(1.61,2.14)(4.57,1.33)][(1.24,3.11)(2.01,1.53)][(2.68,1.03)(3.13,6.35)]
[(6.69,6.66)(5.10,9.76)][(9.88,6.82)(7.18,5.31)][(4.74,9.58)(4.82,8.21)][(4.09,4.81)(3.54,7.96)][(1.96,2.15)(4.17,1.75)][(1.58,2.74)(2.29,1.93)][(2.19,1.33)(2.96,6.36)]
[(7.16,6.19)(5.12,9.57)][(9.74,6.90)(7.08,5.27)][(4.82,9.95)(5.26,8.41)][(4.40,5.30)(3.56,7.54)][(1.73,1.78)(4.36,1.63)][(1.80,3.24)(2.21,2.14)][(1.70,1.12)(2.46,5.86)]
[(6.69,5.97)(4.97,9.99)][(9.24,7.37)(6.59,5.29)][(5.32,9.48)(4.78,8.65)][(4.62,5.67)(3.21,7.23)][(2.23,1.30)(4.39,1.69)][(1.77,2.91)(2.31,1.64)][(2.06,1.60)(1.98,5.36)]
[(6.36,5.49)(4.88,9.56)][(9.08,6.93)(7.03,4.95)][(5.62,9.92)(5.06,8.15)][(4.20,5.65)(2.82,7.68)][(2.31,1.64)(4.50,2.05)][(1.82,3.00)(1.82,1.14)][(2.51,2.08)(2.24,5.63)]
[(6.61,5.44)(4.92,9.73)][(8.92,6.76)(7.46,5.12)][(5.64,9.44)(4.56,8.65)][(3.73,5.93)(3.22,7.37)][(2.62,1.23)(4.93,2.48)][(1.57,2.84)(2.31,1.13)][(2.02,2.55)(2.53,5.29)]
[(7.10,5.87)(4.86,9.34)][(8.49,7.12)(7.43,4.69)][(5.59,9.59)(4.44,8.15)][(4.14,5.77)(3.71,7.02)][(2.19,1.73)(5.42,2.96)][(1.70,2.42)(2.81,1.31)][(1.84,2.09)(2.04,5.42)]
[(6.60,5.56)(4.77,8.87)][(8.97,6.76)(7.63,4.56)][(5.13,9.32)(4.34,7.67)][(4.44,5.96)(3.21,7.33)][(1.70,2.16)(5.43,3.44)][(1.72,2.88)(2.71,1.12)][(2.12,2.59)(1.81,5.89)]
[(6.16,5.11)(4.28,8.44)][(8.59,6.26)(7.78,4.76)][(5.08,8.86)(4.11,7.49)][(4.50,6.45)(2.97,7.76)][(1.21,1.66)(5.79,3.73)][(1.93,2.47)(2.28,1.62)][(2.22,2.09)(2.31,6.37)]
[(6.62,4.63)(3.85,7.95)][(8.18,6.61)(8.22,4.30)][(4.77,8.95)(3.62,7.35)][(4.76,6.02)(2.49,8.04)][(1.60,2.06)(6.08,3.24)][(2.43,2.11)(2.24,1.48)][(1.81,2.42)(1.83,6.49)]
[(7.02,4.54)(3.66,8.27)][(8.35,6.58)(8.15,4.15)][(4.27,8.76)(3.34,7.17)][(5.03,6.24)(2.75,7.70)][(2.10,1.61)(6.30,3.16)][(2.13,1.82)(1.88,1.85)][(2.00,2.80)(2.33,6.96)]
[(7.19,4.74)(3.26,8.52)][(8.50,6.32)(7.67,4.14)][(4.65,8.91)(3.38,7.22)][(4.70,6.52)(3.25,8.06)][(2.18,2.10)(6.77,3.30)][(1.65,1.75)(1.52,1.61)][(1.55,2.47)(2.83,6.95)]
[(6.73,4.63)(2.77,8.03)][(8.12,6.02)(8.05,3.64)][(4.55,8.67)(3.20,6.82)][(5.14,6.91)(3.70,8.17)][(1.92,2.23)(7.23,3.80)][(1.27,1.48)(1.08,1.14)][(2.04,2.21)(3.02,6.51)]
[(6.31,4.85)(2.51,7.56)][(7.71,5.72)(8.53,4.00)][(4.99,8.49)(3.17,7.20)][(5.56,6.45)(3.87,7.67)][(2.24,1.74)(7.72,3.70)][(1.43,1.11)(1.52,1.07)][(1.56,2.70)(3.16,6.65)]
[(6.75,4.65)(2.61,7.51)][(8.21,5.22)(8.30,4.39)][(4.53,7.99)(2.93,7.70)][(5.12,6.64)(4.25,7.17)][(1.83,1.26)(7.63,3.24)][(1.43,1.55)(2.02,1.23)][(2.05,2.36)(3.64,6.75)]
[(6.90,5.10)(3.08,7.05)][(7.75,5.28)(8.80,4.89)][(4.46,8.30)(2.55,8.20)][(4.64,6.21)(4.72,7.38)][(1.72,1.76)(8.10,2.95)][(1.61,1.58)(2.15,1.73)][(1.74,1.92)(3.15,7.21)]
[(7.20,4.67)(3.37,6.67)][(8.19,5.67)(8.79,5.34)][(3.97,8.53)(2.23,7.79)][(4.48,6.00)(4.95,7.74)][(2.22,1.36)(7.70,2.45)][(1.81,2.01)(2.56,1.35)][(1.86,1.86)(2.80,6.87)]
[(6.91,4.20)(3.45,6.43)][(8.69,5.21)(8.35,5.51)][(4.34,8.52)(2.73,7.71)][(4.96,5.96)(5.44,8.19)][(2.30,1.49)(7.90,2.23)][(1.56,1.51)(2.30,1.04)][(1.36,2.20)(2.49,6.58)]
[(6.75,4.64)(3.54,6.88)][(8.19,4.99)(8.27,5.75)][(4.34,8.08)(2.23,7.94)][(4.89,6.14)(5.02,8.43)][(2.57,1.44)(8.33,2.67)][(1.96,1.26)(1.85,1.49)][(1.35,2.67)(2.19,6.93)]
[(7.16,4.63)(3.38,6.63)][(8.69,5.48)(7.78,5.28)][(4.43,7.69)(2.71,8.13)][(4.89,6.50)(5.41,8.14)][(2.53,1.41)(8.25,3.14)][(1.72,1.62)(1.57,1.28)][(1.85,3.12)(2.19,7.37)]
[(7.32,4.70)(3.40,6.46)][(8.20,5.97)(8.28,4.80)][(4.89,7.19)(2.30,8.01)][(5.23,6.99)(5.30,8.60)][(2.37,1.90)(7.77,3.43)][(1.22,1.53)(1.43,1.05)][(1.37,3.56)(2.43,7.07)]
[(6.84,5.20)(2.95,6.52)][(8.24,6.44)(8.29,5.05)][(4.39,6.71)(2.60,7.80)][(5.62,6.84)(4.80,9.10)][(2.84,2.28)(8.10,2.99)][(1.45,1.55)(1.56,1.52)][(1.75,4.02)(2.87,7.40)]
[(6.54,4.88)(2.88,7.00)][(8.72,6.19)(7.88,4.58)][(4.59,6.39)(2.65,7.71)][(6.12,7.30)(4.30,9.14)][(3.21,2.55)(7.99,2.92)][(1.36,1.37)(1.94,1.10)][(1.97,3.90)(2.94,7.88)]
[(6.10,5.37)(2.39,6.65)][(8.29,5.93)(7.96,4.90)][(4.84,6.10)(3.15,8.13)][(5.95,7.77)(3.94,9.18)][(2.76,2.17)(7.62,3.42)][(1.12,1.67)(2.38,1.53)][(1.55,3.40)(2.47,8.00)]
[(6.22,4.87)(2.32,6.78)][(7.80,5.45)(7.50,4.61)][(4.36,6.24)(2.65,7.63)][(6.45,7.60)(3.90,9.21)][(2.99,1.70)(7.91,3.92)][(1.40,1.68)(2.80,1.21)][(1.58,2.93)(2.12,7.50)]
[(6.02,4.47)(2.71,6.38)][(7.43,5.95)(7.51,4.90)][(4.62,6.67)(2.17,8.01)][(6.93,7.57)(3.81,9.70)][(2.74,1.35)(7.97,4.35)][(1.06,1.28)(2.71,1.36)][(2.07,2.45)(1.97,7.01)]
[(6.52,4.73)(2.57,5.88)][(7.90,5.92)(7.85,5.24)][(4.12,6.32)(2.57,8.47)][(6.52,7.96)(4.03,9.28)][(3.00,1.40)(7.72,3.86)][(1.25,1.12)(2.27,1.82)][(2.26,2.31)(2.08,7.01)]
[(7.01,4.78)(2.94,6.33)][(8.23,5.57)(7.77,5.48)][(4.28,6.67)(3.07,8.59)][(7.02,7.63)(4.49,9.52)][(2.56,1.67)(7.55,4.34)][(1.75,1.20)(1.95,2.15)][(1.99,2.25)(2.56,7.06)]
[(7.20,4.70)(3.42,5.90)][(7.87,5.19)(7.28,5.97)][(3.96,6.26)(3.23,8.80)][(7.50,8.06)(4.98,9.97)][(2.06,1.74)(7.25,4.25)][(1.94,1.16)(1.47,2.54)][(1.78,2.66)(3.05,6.57)]
[(7.55,4.20)(2.92,6.21)][(8.24,4.80)(7.53,6.41)][(4.32,6.71)(2.73,9.16)][(7.87,7.68)(5.48,9.58)][(1.86,2.23)(6.77,4.56)][(2.41,1.65)(1.82,2.28)][(1.57,2.55)(2.67,7.03)]
[(7.53,4.70)(3.42,5.71)][(8.01,4.35)(7.03,6.69)][(4.68,6.44)(2.78,8.82)][(7.47,7.36)(5.97,9.12)][(2.07,2.24)(7.22,4.35)][(2.12,1.17)(1.34,1.78)][(1.15,2.08)(2.45,7.48)]
[(7.03,4.52)(3.04,5.26)][(8.18,4.23)(6.57,7.18)][(4.47,6.44)(2.76,8.32)][(7.59,7.29)(6.34,9.10)][(1.82,1.79)(6.81,4.24)][(2.27,1.67)(1.41,1.32)][(1.64,2.03)(2.90,7.02)]
[(7.18,4.92)(3.30,5.20)][(8.49,4.33)(6.07,6.69)][(4.40,6.89)(2.80,8.33)][(7.32,7.77)(6.26,9.48)][(1.78,1.30)(7.17,4.47)][(1.79,1.37)(1.27,1.81)][(1.67,2.00)(2.46,6.65)]
[(6.93,4.72)(3.40,4.97)][(8.95,4.29)(6.31,6.69)][(4.90,6.43)(3.00,8.80)][(7.04,8.17)(5.88,9.83)][(1.65,1.64)(6.96,4.83)][(1.36,1.14)(1.05,2.00)][(1.29,1.68)(1.99,6.41)]
[(7.40,5.14)(3.87,5.47)][(9.45,4.70)(6.63,6.19)][(5.34,5.94)(2.64,9.11)][(7.47,8.43)(5.59,9.46)][(2.13,1.18)(6.85,4.72)][(1.52,1.64)(1.53,1.77)][(1.73,2.13)(2.03,6.04)]
[(6.90,4.68)(3.87,5.10)][(9.69,5.16)(6.90,6.40)][(4.91,5.45)(2.17,9.52)][(7.04,8.89)(5.13,9.14)][(1.70,1.22)(6.96,4.88)][(1.84,1.15)(1.20,2.19)][(1.28,1.67)(1.61,5.63)]
[(6.41,4.89)(3.42,5.33)][(9.78,5.63)(6.61,6.90)][(4.49,5.94)(1.87,9.17)][(7.01,8.83)(4.63,9.63)][(2.08,1.34)(6.90,4.78)][(2.24,1.30)(1.14,2.68)][(1.70,1.43)(2.10,5.36)]
[(6.60,5.06)(2.93,5.76)][(9.81,6.10)(6.48,6.40)][(4.91,5.63)(1.43,9.48)][(7.25,9.27)(5.01,9.31)][(2.13,1.39)(7.39,5.26)][(1.75,1.75)(1.14,2.56)][(1.52,1.84)(2.39,5.61)]
[(6.26,4.61)(2.51,6.16)][(9.43,5.95)(6.05,6.25)][(5.03,5.28)(1.80,9.31)][(7.21,9.09)(4.62,9.76)][(2.43,1.35)(7.07,5.33)][(2.23,2.21)(1.64,2.15)][(1.09,2.32)(2.00,5.17)]
[(6.39,4.59)(2.01,5.71)][(8.99,6.36)(6.30,6.12)][(5.07,5.78)(2.17,8.89)][(6.92,8.97)(4.75,9.97)][(1.96,1.53)(7.56,5.81)][(2.68,2.27)(1.93,1.79)][(1.45,2.82)(1.53,4.71)]
[(6.86,4.14)(2.33,5.58)][(8.68,6.38)(6.77,5.75)][(5.39,6.25)(2.55,9.19)][(7.42,9.06)(5.11,9.98)][(1.50,1.88)(7.96,5.62)][(2.93,2.05)(2.21,1.74)][(1.75,3.29)(2.03,4.96)]
[(6.37,4.31)(1.85,5.21)][(8.52,6.04)(7.26,6.25)][(5.88,6.67)(2.21,9.51)][(7.13,8.77)(5.29,9.49)][(1.66,2.07)(8.06,5.75)][(2.86,2.24)(2.06,2.22)][(2.22,3.38)(1.81,5.08)]
[(6.55,4.12)(1.50,5.52)][(8.45,5.75)(6.76,5.76)][(6.28,6.71)(1.72,9.57)][(7.39,8.34)(5.65,9.47)][(1.56,2.57)(8.05,5.56)][(2.37,1.74)(1.61,2.15)][(1.85,2.91)(1.33,5.47)]
[(6.05,3.66)(1.04,5.49)][(8.92,5.99)(6.28,5.27)][(6.71,6.56)(2.09,9.39)][(7.83,8.81)(5.38,9.40)][(1.86,2.11)(7.91,5.09)][(2.59,2.14)(1.90,2.42)][(2.32,2.42)(1.61,4.98)]
[(6.21,3.97)(1.14,5.88)][(9.34,6.12)(6.66,5.74)][(6.60,6.10)(2.26,9.84)][(7.50,9.27)(4.93,9.61)][(2.29,1.63)(8.26,4.65)][(2.78,1.64)(1.72,1.92)][(2.41,2.55)(1.50,5.22)]
[(5.95,4.16)(1.00,5.38)][(9.15,5.79)(6.79,6.11)][(6.57,5.64)(2.70,9.53)][(7.04,8.78)(5.42,9.24)][(1.79,1.48)(8.56,4.16)][(2.40,2.09)(2.16,1.42)][(2.01,2.16)(1.99,4.72)]
[(6.24,4.37)(1.45,5.53)][(8.87,5.61)(6.93,6.36)][(6.18,5.45)(3.19,9.79)][(7.31,8.37)(5.31,8.94)][(1.91,1.08)(8.13,4.51)][(2.75,1.73)(2.55,1.25)][(2.00,1.81)(1.82,4.74)]
[(5.76,4.05)(1.08,5.40)][(8.38,5.83)(6.45,6.20)][(6.07,5.82)(2.72,9.39)][(6.82,8.06)(5.38,8.90)][(1.67,1.43)(8.48,4.06)][(2.55,1.51)(2.59,1.67)][(1.53,2.31)(2.04,4.51)]
[(6.24,3.84)(1.09,5.19)][(8.71,5.49)(6.14,6.20)][(6.33,5.33)(3.14,9.19)][(6.44,7.59)(5.68,8.43)][(1.27,1.89)(8.55,3.61)][(2.15,1.24)(2.09,2.01)][(2.00,2.22)(2.30,4.10)]
[(6.49,3.36)(1.53,4.77)][(9.10,5.83)(5.78,6.63)][(6.66,5.82)(3.48,8.72)][(6.50,7.57)(6.17,8.47)][(1.67,1.62)(8.87,3.66)][(2.12,1.51)(2.04,1.53)][(2.36,1.76)(1.83,4.33)]
[(6.23,3.01)(1.85,4.28)][(9.45,6.23)(6.25,6.31)][(7.14,5.71)(3.41,8.92)][(6.02,8.00)(5.78,8.96)][(1.23,2.10)(8.75,4.16)][(2.33,1.12)(2.50,1.04)][(2.78,1.26)(1.52,4.00)]
[(6.21,3.50)(2.05,4.04)][(9.03,6.73)(6.75,5.83)][(6.71,5.78)(3.69,9.39)][(6.00,8.44)(6.18,8.46)][(1.50,2.41)(9.16,3.96)][(2.39,1.14)(2.43,1.24)][(2.29,1.63)(1.93,3.75)]
[(5.75,4.00)(1.56,3.85)][(8.55,6.25)(6.95,5.79)][(7.11,5.46)(3.40,8.94)][(5.51,8.10)(6.47,8.84)][(1.24,2.06)(8.74,4.32)][(2.71,1.39)(2.75,1.14)][(1.96,1.53)(1.47,3.86)]
[(5.35,3.84)(1.55,4.35)][(8.85,5.91)(7.18,5.29)][(7.59,5.11)(3.36,9.13)][(5.57,7.95)(5.98,8.43)][(1.18,2.48)(8.77,4.62)][(2.26,1.05)(2.76,1.49)][(2.15,1.08)(1.97,3.39)]
[(4.85,3.35)(1.99,4.80)][(9.21,6.40)(6.68,5.24)][(7.09,4.61)(3.83,8.78)][(5.16,8.44)(5.73,8.92)][(1.62,2.65)(9.10,4.15)][(2.53,1.35)(2.27,1.04)][(2.20,1.21)(1.91,3.78)]
[(4.49,3.15)(1.50,4.81)][(9.34,6.14)(6.37,5.53)][(6.85,5.02)(4.26,8.97)][(4.70,7.94)(6.23,8.87)][(1.38,2.77)(8.96,4.43)][(2.92,1.78)(2.30,1.38)][(1.95,1.67)(1.72,3.74)]
[(4.76,2.81)(1.60,4.56)][(9.73,6.30)(6.53,5.77)][(6.43,4.94)(4.72,8.97)][(4.21,7.57)(6.32,8.93)][(1.67,3.20)(9.36,4.90)][(2.52,1.47)(2.38,1.86)][(2.29,1.28)(2.02,4.23)]
[(4.32,2.87)(1.45,4.06)][(9.66,6.79)(6.13,5.64)][(6.45,5.24)(4.50,8.90)][(3.72,7.09)(5.87,9.21)][(2.00,3.28)(9.77,5.29)][(3.02,1.47)(1.89,1.71)][(2.07,1.33)(2.30,4.16)]
[(4.42,3.37)(1.71,4.53)][(9.20,6.53)(6.29,5.15)][(6.07,4.74)(4.66,8.75)][(4.17,6.62)(5.53,8.73)][(2.05,3.35)(9.48,5.74)][(3.47,1.11)(1.44,1.74)][(2.23,1.83)(2.29,4.64)]
[(3.92,3.87)(2.09,4.17)][(8.73,6.51)(6.63,5.05)][(5.70,4.41)(4.27,9.04)][(3.68,6.99)(5.12,9.23)][(2.54,3.73)(9.45,5.67)][(3.21,1.06)(1.30,1.24)][(1.75,2.22)(2.79,5.01)]
[(4.42,3.39)(2.46,3.68)][(8.82,6.16)(6.20,4.91)][(6.00,4.75)(3.85,8.89)][(4.18,7.36)(5.62,8.77)][(2.28,3.61)(9.93,5.93)][(3.70,1.51)(1.40,1.67)][(1.43,1.81)(2.38,4.91)]
[(3.98,3.88)(1.96,3.57)][(9.01,5.66)(6.13,4.91)][(5.63,4.26)(3.73,9.13)][(4.35,7.65)(5.54,9.09)][(1.88,3.13)(9.43,5.47)][(3.35,2.00)(1.23,1.57)][(1.54,1.38)(1.95,4.61)]
[(3.48,4.32)(1.51,3.12)][(9.39,5.16)(6.35,4.42)][(6.08,3.99)(3.23,9.28)][(4.85,7.30)(5.04,8.81)][(1.96,2.68)(9.90,5.94)][(2.93,1.73)(1.42,2.07)][(1.96,1.68)(2.09,4.15)]
[(3.14,3.82)(1.05,3.31)][(9.74,4.67)(6.02,4.19)][(5.86,4.04)(3.73,9.19)][(4.40,6.85)(5.48,8.34)][(1.72,2.86)(9.92,6.10)][(2.43,1.94)(1.11,1.77)][(2.11,1.51)(2.01,4.46)]
[(3.39,4.32)(1.55,3.17)][(9.26,5.06)(6.29,3.72)][(5.59,4.50)(3.45,9.32)][(4.87,6.76)(5.74,8.12)][(2.14,2.36)(9.85,6.54)][(2.24,1.96)(1.61,1.27)][(2.61,1.91)(1.51,4.32)]
[(3.89,4.81)(1.29,2.70)][(9.72,5.51)(5.81,4.09)][(6.08,4.01)(3.72,9.06)][(5.37,6.27)(5.86,8.17)][(1.66,2.27)(9.90,6.53)][(2.65,1.91)(1.88,1.09)][(2.53,1.57)(1.58,4.37)]
[(4.10,4.80)(1.19,2.38)][(9.52,5.73)(6.30,3.81)][(5.67,4.25)(3.23,8.82)][(5.08,6.01)(5.43,8.51)][(1.46,2.74)(9.67,6.05)][(2.28,1.84)(1.80,1.23)][(2.93,1.75)(1.11,4.71)]
[(4.16,4.31)(1.44,2.66)][(9.39,5.81)(6.39,3.62)][(6.06,4.19)(3.34,9.32)][(5.06,6.26)(4.93,8.02)][(1.03,2.48)(9.23,6.03)][(1.90,1.38)(1.32,1.67)][(2.69,1.55)(1.05,5.21)]
[(3.66,4.04)(1.31,2.37)][(9.21,6.30)(5.99,3.13)][(6.27,4.65)(3.71,9.77)][(4.60,6.11)(5.00,8.28)][(1.53,2.93)(8.89,6.37)][(2.10,1.85)(1.31,1.19)][(2.28,1.91)(1.17,5.71)]
[(4.13,3.77)(1.30,1.96)][(9.38,6.67)(6.49,3.02)][(6.72,4.16)(3.97,9.71)][(4.10,5.88)(4.62,8.43)][(1.36,2.69)(9.35,6.41)][(2.08,1.37)(1.26,1.68)][(1.81,2.15)(1.39,6.16)]
[(4.43,4.18)(1.19,2.46)][(9.64,7.14)(6.08,3.50)][(6.75,4.05)(4.01,9.60)][(4.52,6.02)(5.10,8.25)][(1.47,3.04)(9.85,6.53)][(2.36,1.39)(1.38,1.93)][(1.56,2.61)(1.43,5.96)]
[(4.60,3.69)(1.68,2.90)][(9.27,7.37)(6.19,3.06)][(7.06,4.50)(3.52,9.10)][(4.95,6.05)(5.50,8.16)][(1.85,3.48)(9.83,6.34)][(2.27,1.57)(1.03,2.19)][(1.45,2.90)(1.78,5.51)]
[(4.11,4.07)(1.87,3.39)][(8.77,6.92)(6.37,2.60)][(7.07,5.00)(3.93,8.85)][(4.46,6.31)(5.56,8.20)][(2.35,3.49)(9.54,6.77)][(2.70,1.65)(1.53,2.68)][(1.57,3.03)(1.99,5.57)]
[(3.67,4.42)(2.26,2.90)][(8.32,7.15)(6.00,2.67)][(7.20,4.59)(4.00,9.26)][(4.96,6.73)(5.08,8.68)][(2.67,3.97)(9.51,7.25)][(2.82,1.17)(1.24,2.42)][(1.34,2.53)(2.04,5.14)]
[(3.71,3.92)(2.34,2.69)][(8.40,6.89)(5.53,3.15)][(7.15,4.20)(3.72,9.75)][(4.62,6.68)(5.42,9.01)][(2.72,3.92)(9.52,7.34)][(2.42,1.27)(1.54,1.98)][(1.49,2.87)(1.95,5.64)]
[(4.15,3.45)(2.30,2.24)][(8.13,6.42)(5.05,2.71)][(7.35,3.75)(4.01,9.25)][(5.06,6.18)(5.80,8.97)][(3.15,4.38)(9.91,7.81)][(1.94,1.73)(1.55,1.54)][(1.59,2.42)(2.08,5.21)]
[(3.74,3.35)(2.78,2.47)][(7.73,5.92)(4.60,3.19)][(7.84,4.19)(3.79,9.35)][(5.18,6.20)(5.31,9.35)][(2.67,3.89)(9.87,8.10)][(1.48,2.21)(2.05,1.54)][(1.10,2.64)(1.67,4.95)]
[(3.36,2.86)(3.27,2.18)][(7.38,6.04)(5.10,3.66)][(7.37,4.54)(3.71,9.49)][(5.67,6.66)(4.93,8.88)][(2.97,4.27)(9.39,8.34)][(1.17,1.82)(1.55,1.08)][(1.58,3.13)(2.07,4.83)]
[(2.92,3.34)(2.77,2.63)][(7.00,6.00)(4.65,3.89)][(6.90,4.80)(3.66,9.66)][(6.13,7.13)(4.43,8.96)][(2.74,3.86)(9.18,7.98)][(1.43,2.29)(1.07,1.02)][(1.11,2.67)(2.49,4.34)]
[(3.04,2.91)(2.30,3.13)][(6.50,5.75)(5.07,3.49)][(6.60,5.26)(4.12,9.16)][(5.80,7.23)(4.23,9.32)][(2.30,4.28)(9.12,8.34)][(1.57,2.48)(1.18,1.37)][(1.13,2.33)(2.17,4.68)]
[(2.57,2.87)(1.82,3.15)][(6.33,5.76)(4.61,3.01)][(6.84,4.85)(4.30,9.65)][(5.30,7.19)(4.73,8.94)][(2.34,3.81)(8.81,8.83)][(1.07,2.15)(1.10,1.40)][(1.35,2.17)(1.92,4.60)]
[(2.98,3.37)(1.34,3.61)][(6.65,6.21)(4.12,2.67)][(6.79,5.34)(4.14,9.42)][(5.47,6.69)(4.30,8.83)][(2.31,4.00)(9.07,9.30)][(1.57,1.66)(1.59,1.69)][(1.85,1.68)(1.98,4.53)]
[(3.11,3.02)(1.43,4.01)][(6.68,6.06)(4.42,2.74)][(6.30,4.97)(4.13,9.14)][(5.54,7.17)(4.77,8.45)][(2.32,4.06)(9.16,8.96)][(1.07,2.13)(1.09,1.23)][(1.35,2.17)(2.42,4.91)]
[(3.59,3.10)(1.68,4.50)][(6.41,6.31)(4.29,2.70)][(5.81,4.66)(4.37,8.97)][(5.37,7.24)(4.65,8.59)][(2.70,4.52)(8.96,8.48)][(1.57,2.63)(1.59,1.63)][(1.30,2.34)(2.69,5.27)]
[(4.02,3.09)(2.06,4.83)][(5.92,6.73)(4.78,3.00)][(6.29,4.88)(4.12,8.51)][(5.12,6.74)(4.15,8.52)][(2.27,4.47)(9.06,7.98)][(1.10,2.19)(2.08,1.75)][(1.19,1.86)(2.60,5.17)]
[(4.43,3.10)(1.62,4.33)][(5.65,6.59)(4.31,2.53)][(5.79,5.38)(4.45,8.29)][(4.62,6.87)(4.26,8.63)][(2.17,4.28)(8.56,7.74)][(1.17,1.89)(1.90,2.21)][(1.67,1.40)(2.10,5.42)]
[(4.45,2.61)(1.31,3.90)][(5.20,7.07)(4.12,2.98)][(5.63,5.52)(4.02,7.82)][(4.68,7.31)(4.37,9.02)][(2.08,4.46)(8.36,8.18)][(1.01,1.62)(2.36,1.85)][(2.12,1.08)(2.32,4.92)]
[(4.93,2.75)(1.81,3.42)][(5.55,7.09)(3.76,2.87)][(5.82,6.02)(3.75,7.41)][(4.45,7.44)(3.88,8.64)][(2.53,4.24)(7.91,8.59)][(1.51,1.63)(2.04,2.10)][(1.67,1.44)(2.16,4.62)]
[(5.26,2.86)(2.31,3.39)][(5.07,7.56)(4.18,2.47)][(6.30,6.19)(3.36,6.98)][(4.95,7.50)(3.48,8.82)][(2.18,4.54)(7.90,8.36)][(1.17,1.14)(2.44,1.95)][(1.92,1.37)(2.49,5.09)]
[(5.42,3.07)(2.04,3.48)][(5.46,7.92)(4.31,2.73)][(6.44,6.03)(2.86,6.80)][(4.72,7.08)(3.22,8.34)][(1.72,4.04)(8.24,8.09)][(1.63,1.55)(2.67,1.56)][(1.46,1.07)(2.91,5.04)]
[(4.94,3.42)(2.54,3.87)][(5.04,7.88)(3.89,2.75)][(6.79,6.49)(3.35,6.73)][(4.28,7.50)(3.67,7.85)][(1.23,4.40)(8.66,8.22)][(1.44,1.85)(3.11,1.86)][(1.57,1.21)(2.58,4.92)]
[(5.42,3.11)(2.78,4.35)][(4.71,8.38)(4.38,2.91)][(6.51,6.61)(3.22,7.13)][(4.77,7.98)(3.39,7.74)][(1.64,4.78)(9.16,8.52)][(1.31,1.42)(3.60,2.13)][(1.32,1.37)(3.06,4.51)]
[(4.92,3.22)(2.77,3.87)][(5.20,8.36)(3.90,3.38)][(6.81,6.68)(2.73,6.63)][(4.77,8.06)(2.89,7.58)][(1.15,4.77)(8.98,8.78)][(1.77,1.77)(4.06,1.92)][(1.28,1.57)(3.14,4.35)]
[(5.00,3.17)(3.15,3.93)][(4.79,7.88)(3.82,3.21)][(6.43,6.66)(3.04,6.37)][(4.86,7.80)(3.16,7.76)][(1.55,5.26)(9.39,9.07)][(1.93,1.82)(4.16,1.59)][(1.60,1.67)(3.10,4.71)]
[(4.96,3.36)(3.20,3.44)][(4.72,8.19)(4.16,2.78)][(6.18,7.02)(2.75,6.79)][(5.33,8.16)(2.89,7.34)][(1.50,5.02)(9.44,9.41)][(2.38,1.34)(4.62,1.83)][(1.32,2.15)(3.55,4.31)]
[(4.77,3.77)(2.72,3.30)][(4.74,8.69)(4.33,2.43)][(6.68,7.00)(2.85,6.31)][(5.19,8.62)(2.81,6.85)][(1.79,5.51)(9.93,9.51)][(2.32,1.62)(4.50,1.65)][(1.82,2.59)(3.39,3.83)]
[(5.20,3.80)(3.22,3.37)][(4.99,8.77)(4.71,2.93)][(7.06,6.89)(2.95,6.52)][(5.05,8.38)(3.19,6.69)][(2.29,6.00)(9.95,9.40)][(2.53,1.61)(4.91,1.15)][(2.06,3.09)(3.25,3.40)]
[(5.37,3.31)(3.70,3.06)][(4.54,8.96)(4.43,2.84)][(6.56,6.75)(2.45,6.97)][(4.55,8.31)(3.07,6.73)][(1.82,5.81)(9.77,9.36)][(2.36,1.12)(5.38,1.46)][(1.69,2.59)(3.22,2.91)]
[(5.73,2.89)(3.54,2.56)][(4.89,9.46)(4.84,3.24)][(6.07,7.23)(2.15,6.80)][(4.07,8.76)(3.57,6.60)][(2.29,6.17)(9.71,9.08)][(2.32,1.23)(5.47,1.57)][(1.41,2.37)(3.72,2.96)]
[(5.81,3.11)(3.20,2.16)][(4.52,8.97)(5.32,3.73)][(5.75,7.47)(2.10,6.39)][(4.56,8.37)(4.06,7.03)][(2.65,5.80)(9.33,9.03)][(2.03,1.53)(5.01,1.77)][(1.65,2.17)(3.25,3.38)]
[(5.73,3.56)(3.37,2.53)][(5.01,8.49)(5.43,3.98)][(6.23,7.91)(2.48,6.32)][(4.27,8.32)(4.49,7.26)][(2.15,5.32)(8.83,8.60)][(2.50,1.65)(4.57,2.25)][(1.79,1.99)(3.55,3.69)]
[(5.81,3.98)(3.29,2.66)][(5.50,8.34)(5.04,3.48)][(5.91,8.40)(2.02,6.13)][(3.86,8.41)(4.66,6.81)][(1.86,5.51)(8.45,8.92)][(2.63,1.92)(4.07,1.75)][(2.26,1.82)(3.09,3.64)]
[(5.32,4.16)(3.41,3.11)][(5.16,8.15)(4.59,3.14)][(5.70,8.01)(2.18,6.63)][(3.67,8.81)(4.86,6.93)][(2.00,5.65)(8.05,9.03)][(2.64,1.62)(4.54,2.01)][(2.45,2.29)(3.29,3.37)]
[(5.15,4.04)(3.06,3.47)][(4.87,8.27)(4.58,3.64)][(6.17,7.65)(2.00,6.86)][(3.92,8.36)(4.64,6.45)][(1.53,6.14)(7.56,9.44)][(2.54,1.81)(5.01,2.35)][(2.89,2.11)(3.20,3.64)]
[(5.02,3.56)(2.57,3.13)][(5.27,7.82)(5.08,3.17)][(6.31,7.54)(1.68,6.42)][(3.68,8.26)(4.14,6.22)][(1.23,6.51)(7.71,8.95)][(2.04,1.33)(4.67,2.36)][(3.34,2.44)(2.73,3.72)]
[(4.65,3.28)(2.26,3.62)][(5.03,7.91)(5.28,3.62)][(6.21,8.02)(2.06,6.41)][(3.90,8.35)(4.38,6.72)][(1.29,6.17)(7.25,8.51)][(2.06,1.68)(4.18,1.87)][(2.85,2.14)(2.49,3.26)]
[(5.15,3.71)(1.92,4.07)][(5.39,7.43)(5.32,3.89)][(5.97,8.08)(1.58,6.88)][(3.99,8.84)(4.62,7.22)][(1.47,6.21)(7.55,8.52)][(1.58,2.16)(4.16,1.48)][(3.29,2.22)(2.67,3.04)]
[(5.60,3.22)(1.48,3.62)][(5.31,7.43)(5.49,4.18)][(5.53,7.58)(1.08,7.00)][(3.55,8.39)(4.33,6.75)][(1.96,6.13)(7.12,8.59)][(1.11,1.68)(4.61,1.55)][(2.87,1.96)(2.31,2.67)]
[(5.49,3.08)(1.58,3.61)][(5.79,7.06)(5.06,4.64)][(6.02,7.09)(1.55,6.81)][(4.04,8.15)(3.90,6.75)][(2.41,5.82)(7.05,8.31)][(1.44,1.90)(4.47,1.10)][(2.50,1.57)(2.81,2.48)]
[(5.89,2.93)(1.12,4.00)][(5.51,7.46)(4.57,4.33)][(5.60,7.34)(1.69,7.12)][(4.33,8.26)(4.35,6.26)][(1.99,5.71)(6.98,7.99)][(1.28,1.40)(4.95,1.38)][(2.20,1.17)(3.26,2.80)]
[(6.39,3.02)(1.05,3.53)][(5.69,7.91)(4.12,3.95)][(5.61,7.74)(1.44,7.59)][(4.63,8.63)(4.78,6.53)][(1.88,5.45)(7.46,8.48)][(1.78,1.44)(5.19,1.76)][(2.70,1.24)(3.53,2.80)]
[(6.84,2.53)(1.13,3.95)][(5.19,7.45)(4.46,4.40)][(6.04,7.37)(1.58,7.19)][(4.72,9.08)(4.43,6.48)][(2.15,5.65)(7.01,8.09)][(1.47,1.74)(4.94,1.59)][(3.01,1.16)(3.89,2.66)]
[(6.70,2.88)(1.34,3.99)][(4.69,7.94)(4.33,3.92)][(6.46,7.33)(1.78,7.23)][(5.22,8.78)(4.64,6.16)][(1.77,5.71)(6.70,7.71)][(1.27,2.24)(5.44,1.20)][(3.18,1.05)(3.92,2.16)]
[(6.29,3.25)(1.68,3.94)][(4.68,8.23)(4.62,3.67)][(6.76,7.35)(1.47,7.29)][(5.49,8.45)(4.29,5.86)][(2.24,5.47)(7.19,7.94)][(1.35,2.46)(5.48,1.06)][(3.68,1.20)(3.57,2.52)]
[(6.63,3.53)(2.04,3.64)][(4.36,7.88)(4.70,3.91)][(7.26,7.38)(1.85,7.78)][(5.00,8.26)(3.91,5.57)][(2.26,5.16)(7.09,8.44)][(1.03,2.14)(5.83,1.48)][(3.30,1.29)(3.97,2.11)]
[(7.13,3.81)(2.23,3.45)][(4.17,7.71)(5.09,4.30)][(7.05,7.04)(1.70,7.57)][(5.28,8.72)(3.82,5.37)][(1.78,4.73)(6.69,8.47)][(1.18,1.71)(5.82,1.09)][(3.73,1.79)(3.52,2.57)]
[(7.58,3.39)(2.14,3.63)][(4.48,8.21)(4.69,4.20)][(7.51,6.83)(2.17,7.19)][(5.51,8.50)(3.79,4.92)][(2.07,4.75)(6.27,8.37)][(1.09,1.26)(5.46,1.40)][(4.10,2.21)(4.02,2.25)]
[(7.18,3.12)(2.59,3.60)][(4.40,8.08)(4.28,4.32)][(7.99,6.81)(1.85,7.65)][(5.18,8.89)(3.91,4.71)][(2.56,5.06)(6.46,8.06)][(1.06,1.75)(5.93,1.61)][(3.65,1.96)(4.49,2.60)]
[(7.67,2.64)(2.71,4.09)][(4.89,7.58)(4.60,3.83)][(8.32,6.79)(2.02,7.32)][(5.52,8.89)(4.41,4.52)][(2.37,4.85)(6.95,7.85)][(1.42,1.25)(5.87,1.97)][(3.27,2.40)(4.57,2.72)]
[(8.04,2.80)(3.21,3.73)][(5.16,7.26)(4.16,3.70)][(7.88,6.54)(1.83,7.74)][(5.19,9.18)(4.55,4.61)][(2.86,5.22)(6.79,8.16)][(1.14,1.26)(5.43,2.38)][(2.85,2.04)(4.52,2.74)]
[(7.62,2.44)(3.09,3.41)][(5.22,7.47)(4.49,4.11)][(8.32,6.75)(1.34,7.95)][(5.66,9.66)(4.27,4.24)][(2.53,5.24)(6.40,8.66)][(1.47,1.57)(5.79,2.00)][(2.79,2.11)(4.28,2.36)]
[(7.74,1.94)(3.05,3.11)][(5.00,7.79)(4.89,3.95)][(8.82,7.12)(1.70,7.58)][(5.61,9.78)(4.41,4.01)][(3.03,5.22)(5.97,8.25)][(1.22,1.11)(5.42,2.48)][(2.60,1.83)(4.37,2.80)]
[(7.59,2.44)(2.98,3.61)][(4.99,7.32)(5.33,3.96)][(8.33,7.59)(1.86,7.12)][(5.55,9.36)(4.84,4.44)][(3.52,4.80)(5.70,8.73)][(1.66,1.25)(5.81,2.07)][(2.89,1.33)(4.40,2.68)]
[(7.66,2.39)(3.35,4.09)][(5.49,6.90)(5.78,4.34)][(8.46,8.07)(2.32,6.81)][(5.94,9.84)(5.32,4.49)][(3.06,4.96)(5.60,8.28)][(2.07,1.13)(6.15,2.52)][(3.12,1.79)(4.24,2.52)]
[(8.15,2.61)(3.57,3.73)][(5.16,6.61)(5.29,3.84)][(8.00,7.80)(2.72,6.81)][(5.47,9.40)(5.74,4.70)][(2.56,4.55)(5.24,7.79)][(1.72,1.51)(5.72,2.20)][(3.33,1.30)(4.29,2.67)]
[(8.65,2.14)(3.07,3.44)][(4.84,6.17)(4.96,4.20)][(8.27,7.44)(2.94,7.17)][(5.00,9.76)(6.24,4.53)][(2.76,4.05)(4.74,7.34)][(2.21,1.96)(6.15,2.56)][(3.11,1.80)(3.82,2.27)]
[(8.53,2.62)(2.58,3.90)][(5.33,5.81)(5.09,3.99)][(8.29,7.50)(2.73,6.95)][(5.48,9.72)(6.46,4.04)][(3.25,3.97)(5.08,6.94)][(2.19,2.29)(5.91,2.07)][(2.62,1.32)(3.33,2.62)]
[(8.59,2.47)(3.03,3.53)][(5.30,5.45)(4.73,4.23)][(8.57,7.04)(3.06,6.81)][(5.95,9.58)(6.00,4.27)][(2.99,3.55)(5.51,6.62)][(1.79,1.83)(5.68,2.14)][(2.40,1.63)(2.98,2.85)]
[(8.31,2.75)(3.12,3.58)][(5.46,5.33)(4.46,4.73)][(8.59,6.97)(3.19,7.29)][(5.78,9.81)(6.02,3.99)][(3.49,3.58)(5.02,6.43)][(1.32,2.27)(6.03,1.65)][(2.60,1.13)(3.00,3.30)]
[(7.92,3.20)(2.73,3.97)][(4.99,5.82)(4.47,4.75)][(8.36,6.48)(2.77,6.82)][(5.98,9.32)(5.74,3.64)][(3.00,3.69)(4.67,6.21)][(1.82,2.75)(5.56,1.88)][(2.72,1.08)(3.08,3.45)]
[(8.13,3.69)(2.42,4.37)][(4.97,5.36)(4.93,4.65)][(8.82,6.24)(2.75,7.30)][(5.75,9.04)(5.72,4.10)][(3.49,3.21)(4.91,6.62)][(2.11,3.23)(5.86,1.80)][(2.24,1.04)(3.00,3.64)]
[(7.89,3.87)(2.91,4.09)][(4.83,4.89)(4.55,4.17)][(9.03,6.72)(2.26,6.80)][(5.26,8.77)(5.23,4.04)][(3.03,3.21)(4.89,6.29)][(2.60,3.69)(5.86,1.63)][(2.67,1.15)(3.46,4.13)]
[(7.51,3.37)(2.97,4.51)][(4.58,4.43)(4.99,4.65)][(9.46,6.56)(2.58,6.83)][(4.79,8.36)(5.31,4.54)][(2.69,3.67)(5.24,5.81)][(2.77,3.56)(6.34,1.15)][(2.18,1.23)(3.85,4.57)]
[(7.01,3.83)(3.25,4.93)][(4.77,4.87)(5.26,4.97)][(8.96,7.04)(2.67,6.88)][(5.29,8.82)(5.60,4.32)][(2.90,3.92)(4.74,6.01)][(2.99,4.03)(5.85,1.51)][(2.49,1.60)(3.74,4.12)]
[(6.52,3.33)(3.74,4.44)][(4.28,5.13)(4.77,5.01)][(9.37,6.81)(2.38,6.90)][(4.88,8.86)(6.07,4.70)][(2.94,3.58)(4.34,6.42)][(2.60,4.07)(5.69,1.53)][(2.74,1.61)(4.21,3.96)]
[(6.85,3.81)(3.35,4.41)][(4.75,5.22)(5.27,4.51)][(8.97,6.80)(2.85,7.40)][(4.64,9.36)(5.58,5.02)][(3.33,3.69)(4.50,6.45)][(2.91,4.56)(5.53,1.37)][(2.29,1.15)(4.61,4.19)]
[(7.35,4.17)(3.00,3.97)][(5.19,5.14)(5.21,5.01)][(9.07,6.31)(3.32,7.78)][(4.59,9.38)(5.26,4.56)][(2.83,3.89)(4.41,6.45)][(3.08,4.33)(5.87,1.02)][(2.11,1.07)(4.64,4.59)]
[(7.51,4.09)(3.49,4.26)][(4.93,4.83)(4.86,5.33)][(8.83,6.66)(3.11,8.14)][(4.90,9.56)(5.75,4.66)][(2.85,3.77)(3.92,5.97)][(3.54,3.83)(6.26,1.24)][(1.61,1.39)(4.26,4.82)]
[(7.65,4.02)(3.62,4.28)][(5.38,4.41)(5.35,5.55)][(8.36,6.75)(3.60,7.80)][(4.55,9.61)(6.19,5.04)][(3.35,3.51)(3.53,5.60)][(3.23,4.27)(6.66,1.39)][(1.50,1.71)(4.22,4.32)]
[(7.37,4.25)(3.19,4.75)][(5.36,4.82)(5.06,5.78)][(8.64,6.80)(4.00,8.07)][(5.05,9.15)(6.39,5.02)][(2.97,3.41)(3.44,5.11)][(2.99,4.68)(6.50,1.87)][(1.90,2.19)(4.03,4.18)]
[(7.87,3.85)(3.24,5.17)][(5.25,5.29)(4.69,5.29)][(8.17,7.27)(4.30,7.87)][(5.52,9.52)(6.75,4.63)][(2.50,2.94)(3.72,5.58)][(3.24,4.55)(6.68,2.34)][(1.43,2.69)(4.19,4.68)]
[(7.81,3.70)(2.81,5.62)][(5.23,4.86)(4.25,5.43)][(8.17,7.09)(3.84,7.95)][(5.06,9.68)(6.58,5.08)][(2.44,2.47)(4.13,5.28)][(3.56,5.00)(7.15,2.30)][(1.18,2.30)(3.82,4.28)]
[(7.73,3.20)(3.27,5.61)][(5.71,5.24)(3.77,5.87)][(8.67,7.45)(3.39,7.59)][(5.33,9.90)(7.02,5.55)][(1.94,2.94)(3.77,5.15)][(3.64,4.51)(7.61,2.70)][(1.27,2.24)(3.33,3.92)]
[(7.68,2.76)(2.77,6.11)][(5.81,5.57)(4.27,6.10)][(8.79,7.02)(3.29,7.62)][(5.76,9.71)(6.59,5.99)][(2.37,2.46)(4.00,4.66)][(3.77,4.09)(7.45,3.16)][(1.27,1.96)(3.08,3.55)]
[(7.29,2.61)(3.26,5.93)][(5.33,5.09)(4.75,6.29)][(8.93,6.88)(2.95,8.10)][(5.26,9.25)(7.06,6.26)][(1.88,2.96)(4.49,4.26)][(3.57,3.61)(7.74,2.66)][(1.69,2.46)(3.43,4.02)]
[(7.72,2.15)(2.86,6.03)][(5.43,4.85)(5.02,6.45)][(8.43,6.40)(3.19,7.69)][(5.21,8.77)(7.55,6.33)][(1.85,2.51)(4.06,3.76)][(3.26,3.76)(7.51,2.17)][(1.21,1.96)(3.67,3.52)]
[(7.66,1.72)(3.22,6.18)][(4.99,4.61)(4.54,6.07)][(8.91,6.83)(3.40,7.88)][(5.31,8.89)(7.85,5.85)][(2.35,2.85)(3.57,3.92)][(3.72,3.55)(7.93,1.78)][(1.61,2.30)(4.13,4.00)]
[(7.18,1.33)(3.45,6.48)][(5.18,4.80)(4.37,5.74)][(8.44,7.33)(2.97,7.42)][(5.81,8.79)(8.27,5.44)][(2.81,2.44)(3.83,3.83)][(3.22,3.99)(8.32,1.50)][(2.11,2.10)(4.27,3.96)]
[(6.69,1.06)(3.95,6.76)][(5.63,4.48)(4.87,5.73)][(8.94,7.82)(2.50,7.75)][(6.29,9.27)(8.74,5.82)][(2.66,2.54)(4.10,4.16)][(2.92,4.45)(8.67,1.73)][(2.51,1.82)(4.45,4.16)]
[(7.00,1.54)(3.98,6.28)][(6.04,4.33)(4.37,5.90)][(9.43,7.45)(2.01,8.15)][(5.83,9.23)(9.00,6.32)][(2.16,3.02)(4.59,3.88)][(3.41,3.95)(9.03,2.08)][(2.01,1.73)(4.66,3.70)]
[(6.95,1.66)(3.77,5.95)][(5.64,4.47)(4.87,6.06)][(9.57,7.75)(1.62,8.62)][(5.74,9.72)(9.45,6.20)][(2.65,3.25)(5.05,4.10)][(3.49,4.14)(8.70,1.99)][(2.48,1.78)(4.21,3.28)]
[(6.55,1.79)(3.80,5.57)][(5.17,4.96)(4.93,6.56)][(9.88,8.06)(2.06,8.36)][(6.15,9.35)(9.46,6.17)][(3.15,3.43)(5.04,3.69)][(3.99,4.28)(9.05,1.50)][(2.95,2.07)(4.16,3.60)]
[(6.31,2.29)(3.44,5.73)][(4.69,4.59)(4.71,6.54)][(9.39,8.54)(2.56,8.85)][(5.66,8.92)(9.42,5.67)][(3.45,3.71)(5.41,4.19)][(4.17,3.79)(9.02,1.87)][(3.35,2.56)(3.68,3.88)]
[(6.34,2.68)(3.46,6.11)][(4.24,4.92)(4.68,7.03)][(9.43,8.18)(2.68,9.12)][(5.20,9.21)(9.09,5.41)][(3.78,3.89)(5.60,3.93)][(4.38,4.27)(9.17,1.68)][(3.61,2.06)(4.07,3.65)]
[(6.82,3.16)(3.07,6.55)][(3.75,4.43)(5.00,7.48)][(9.27,8.55)(3.02,9.33)][(4.84,8.93)(8.70,5.17)][(3.28,3.51)(5.88,4.30)][(4.86,3.77)(8.74,1.20)][(3.57,1.60)(3.64,3.93)]
[(6.42,3.62)(3.50,6.07)][(3.28,4.47)(4.87,7.63)][(9.72,8.79)(3.40,9.48)][(5.13,9.19)(9.20,4.67)][(2.78,3.83)(6.22,4.27)][(4.79,3.28)(9.24,1.60)][(3.53,1.69)(4.02,4.34)]
[(6.05,3.34)(3.02,6.44)][(3.43,4.42)(5.14,7.17)][(9.73,8.88)(3.43,9.10)][(5.00,8.76)(9.02,4.95)][(2.30,3.34)(6.71,4.02)][(5.13,3.44)(8.82,1.99)][(3.25,1.81)(3.58,4.80)]
[(6.49,3.80)(3.08,6.85)][(3.23,4.14)(5.20,7.28)][(9.94,9.15)(3.16,9.60)][(4.77,9.16)(9.01,4.51)][(2.42,3.09)(6.21,4.47)][(5.18,3.62)(8.59,1.68)][(3.62,2.26)(4.08,5.12)]
[(6.53,3.67)(2.65,6.82)][(2.80,4.64)(4.70,7.05)][(9.72,8.86)(3.01,9.27)][(4.86,9.55)(9.03,4.21)][(2.44,3.59)(6.68,4.53)][(5.59,3.24)(8.20,1.90)][(3.62,2.07)(3.65,4.92)]
[(6.97,3.82)(2.15,7.04)][(3.01,4.40)(4.22,7.53)][(9.97,9.26)(3.48,8.77)][(4.36,9.99)(8.86,3.86)][(1.95,3.96)(7.18,4.94)][(5.23,3.68)(8.69,1.40)][(3.34,1.91)(3.23,4.55)]
[(7.06,3.59)(2.57,7.19)][(2.54,4.03)(4.71,7.42)][(9.77,9.76)(3.57,8.83)][(4.74,9.50)(8.91,3.55)][(2.42,4.46)(7.61,5.10)][(4.87,4.07)(8.66,1.52)][(3.54,1.66)(3.66,4.91)]
[(7.41,3.40)(2.14,7.52)][(2.67,4.47)(4.97,7.42)][(9.47,9.64)(3.45,8.80)][(4.93,9.05)(8.41,3.49)][(1.93,4.78)(7.57,5.54)][(5.03,4.53)(8.80,1.48)][(3.09,1.22)(3.29,5.08)]
[(7.34,3.46)(1.65,7.81)][(2.52,4.89)(4.52,6.93)][(9.00,9.51)(3.21,8.98)][(5.12,9.50)(8.12,3.00)][(2.34,4.56)(7.86,5.54)][(4.66,5.03)(8.62,1.80)][(3.57,1.20)(3.68,5.54)]
[(7.66,2.96)(2.11,8.31)][(2.97,5.36)(4.65,7.14)][(8.71,9.03)(3.13,9.40)][(5.61,9.57)(7.74,3.07)][(2.30,4.47)(8.25,5.89)][(5.03,4.56)(9.05,1.30)][(3.08,1.00)(4.09,5.86)]
[(7.46,2.47)(1.62,8.35)][(2.47,5.85)(4.86,7.17)][(9.05,9.51)(2.69,9.65)][(5.72,9.99)(7.89,3.15)][(2.50,4.91)(8.68,5.59)][(5.46,4.21)(9.27,1.13)][(3.34,1.32)(3.90,5.44)]
[(7.54,2.20)(1.24,7.88)][(2.93,6.07)(4.98,7.56)][(8.55,9.73)(2.34,9.23)][(6.03,9.82)(8.24,3.36)][(2.04,4.94)(8.75,5.17)][(5.16,4.71)(9.08,1.39)][(3.18,1.03)(4.02,5.44)]
[(7.09,2.34)(1.71,7.40)][(2.85,5.57)(4.68,8.03)][(9.05,9.64)(2.59,9.69)][(6.36,9.43)(8.38,3.24)][(2.54,5.28)(8.97,5.57)][(5.66,5.13)(9.57,1.06)][(3.16,1.15)(4.38,5.21)]
[(6.59,1.88)(2.12,7.82)][(2.87,5.26)(5.11,8.23)][(9.04,9.89)(2.26,9.20)][(6.08,9.19)(7.89,2.76)][(2.23,5.72)(8.63,5.88)][(5.93,5.40)(9.09,1.24)][(2.77,1.56)(4.87,4.81)]
[(6.34,2.15)(2.62,7.85)][(3.36,5.15)(4.73,7.77)][(9.51,9.59)(2.43,8.92)][(6.51,8.87)(7.77,3.24)][(1.83,5.55)(8.73,5.67)][(6.40,5.66)(8.82,1.74)][(3.26,1.89)(5.22,5.31)]
[(5.87,2.40)(2.83,7.66)][(3.26,5.65)(4.71,7.29)][(9.01,9.46)(2.39,9.40)][(6.96,8.60)(7.57,2.94)][(2.22,5.94)(8.27,5.22)][(6.26,6.06)(8.53,1.46)][(3.20,1.40)(5.72,4.90)]
[(5.61,2.72)(2.75,7.93)][(3.71,5.15)(5.15,7.20)][(9.43,9.29)(2.05,9.11)][(6.62,8.10)(7.19,3.02)][(1.74,5.51)(8.71,4.89)][(6.35,6.30)(8.03,1.83)][(3.08,1.20)(6.11,4.88)]
[(5.13,2.58)(3.15,7.94)][(4.17,5.35)(4.82,7.02)][(9.42,9.67)(1.99,9.58)][(6.13,8.10)(7.09,3.52)][(1.37,5.49)(9.21,5.34)][(6.14,6.62)(7.86,2.17)][(3.57,1.51)(5.72,5.29)]
[(5.62,2.37)(3.40,8.15)][(3.98,5.75)(4.59,6.52)][(8.94,9.80)(2.26,9.09)][(6.37,7.75)(6.68,3.38)][(1.85,5.01)(8.72,4.92)][(5.90,7.11)(7.88,2.15)][(3.08,2.01)(5.82,5.56)]
[(5.23,2.60)(3.47,8.38)][(3.86,5.30)(4.91,6.29)][(9.35,9.98)(1.93,8.79)][(6.61,7.67)(6.95,3.42)][(2.20,5.50)(8.68,4.74)][(6.30,6.62)(7.49,1.67)][(2.96,2.30)(6.30,5.09)]
[(5.70,2.64)(3.47,7.92)][(4.05,5.05)(4.44,6.70)][(9.48,9.59)(1.59,8.39)][(6.47,7.18)(6.88,3.53)][(2.64,5.25)(8.94,4.50)][(6.12,6.82)(6.99,1.72)][(2.48,2.21)(6.45,4.96)]
[(5.39,3.11)(3.97,8.35)][(3.58,4.56)(3.94,7.01)][(9.16,9.11)(1.12,8.44)][(6.13,7.62)(7.07,4.03)][(3.06,4.83)(8.93,4.02)][(6.36,6.34)(6.49,2.16)][(2.14,2.69)(5.95,5.19)]
[(5.07,3.38)(3.97,8.58)][(3.13,4.54)(3.63,6.52)][(8.86,9.60)(1.25,8.36)][(6.58,7.76)(7.37,3.98)][(2.91,4.35)(9.42,3.57)][(5.87,5.90)(6.87,2.60)][(1.87,2.64)(6.16,5.01)]
[(5.52,3.33)(4.31,8.92)][(3.32,4.33)(3.33,6.03)][(8.40,9.59)(1.59,7.95)][(7.06,7.26)(7.64,3.70)][(2.98,4.84)(9.19,3.97)][(5.38,6.14)(7.17,3.10)][(1.50,2.15)(6.41,4.54)]
[(5.33,3.11)(4.21,8.75)][(3.05,4.81)(2.84,6.15)][(8.51,9.67)(1.30,8.13)][(7.56,7.75)(8.03,3.78)][(3.11,4.80)(9.68,3.62)][(4.93,6.54)(6.76,2.91)][(1.04,1.69)(5.92,4.38)]
[(5.47,3.54)(4.60,8.25)][(2.60,4.36)(3.23,6.49)][(8.09,9.62)(1.02,7.63)][(7.42,7.40)(7.68,4.17)][(3.52,4.58)(9.34,3.26)][(5.08,6.07)(6.51,2.71)][(1.22,1.77)(6.29,4.85)]
[(5.00,3.19)(4.68,7.82)][(3.10,3.86)(3.43,6.29)][(8.35,9.12)(1.13,7.58)][(7.61,7.53)(7.20,4.47)][(3.25,4.24)(9.42,3.61)][(5.35,6.39)(6.01,2.41)][(1.54,2.13)(5.93,4.89)]
[(4.85,3.25)(4.97,7.88)][(3.26,4.23)(2.94,5.83)][(8.85,8.66)(1.33,7.10)][(7.16,7.95)(6.74,4.00)][(2.76,4.47)(9.92,3.50)][(4.91,5.91)(5.56,2.41)][(1.57,1.64)(5.46,5.18)]
[(5.29,3.69)(4.51,7.53)][(2.76,4.62)(2.97,5.34)][(9.33,9.10)(1.83,7.19)][(7.65,7.45)(6.77,3.50)][(2.27,4.04)(9.45,3.68)][(4.84,5.51)(5.27,2.91)][(1.32,1.99)(5.02,5.21)]
[(5.35,3.28)(4.67,7.49)][(2.35,5.12)(2.89,4.85)][(8.84,9.10)(2.21,6.79)][(7.77,7.68)(6.66,3.04)][(2.65,4.36)(9.93,4.11)][(5.31,5.54)(5.12,2.49)][(1.29,1.51)(4.92,5.62)]
[(5.24,2.88)(4.96,7.39)][(1.98,4.99)(3.33,4.35)][(9.31,9.59)(2.26,6.34)][(7.31,7.19)(6.45,3.21)][(2.15,4.11)(9.49,4.13)][(4.98,5.11)(5.30,2.68)][(1.17,1.27)(4.55,5.31)]
[(5.60,2.39)(5.45,7.01)][(1.75,5.39)(3.19,4.48)][(9.73,9.09)(1.92,5.88)][(7.62,7.33)(5.95,3.55)][(2.11,3.80)(9.38,3.63)][(4.71,5.18)(5.52,2.19)][(1.57,1.03)(4.75,5.56)]
[(5.27,1.89)(5.87,7.37)][(1.62,4.91)(3.32,3.99)][(9.39,9.36)(1.50,5.59)][(7.94,7.82)(6.23,3.05)][(2.61,4.17)(9.38,3.45)][(4.41,4.94)(5.31,2.54)][(1.37,1.05)(4.64,5.94)]
[(5.46,2.08)(5.65,7.75)][(2.00,5.27)(3.39,3.73)][(9.53,9.08)(1.07,5.12)][(8.16,7.51)(6.16,3.21)][(2.16,4.03)(8.95,3.83)][(4.52,5.41)(5.17,2.23)][(1.15,1.42)(4.38,6.17)]
[(5.25,1.96)(5.22,8.24)][(2.15,4.77)(3.89,3.44)][(9.34,8.86)(1.17,4.73)][(7.95,7.06)(5.99,2.75)][(1.69,3.58)(9.00,3.64)][(4.11,5.21)(4.81,2.61)][(1.54,1.70)(4.27,5.87)]
[(4.95,2.02)(4.94,7.78)][(2.04,4.55)(3.86,3.38)][(9.12,9.36)(1.44,4.62)][(8.37,7.44)(6.30,2.53)][(1.19,3.83)(8.54,4.14)][(4.54,4.91)(4.44,2.78)][(1.84,1.57)(4.65,6.32)]
[(4.58,1.62)(4.48,7.60)][(2.54,4.06)(4.14,3.60)][(9.55,9.68)(1.94,4.30)][(8.81,7.09)(5.86,2.86)][(1.37,3.35)(8.32,4.10)][(4.04,5.40)(4.42,3.24)][(2.34,1.96)(4.16,5.84)]
[(4.77,1.35)(3.98,7.90)][(2.22,3.57)(3.68,3.78)][(9.97,9.98)(2.32,3.95)][(9.18,7.59)(6.14,2.36)][(1.82,3.19)(7.98,3.60)][(3.60,4.92)(4.36,3.66)][(1.88,1.52)(4.53,6.13)]
[(4.83,1.79)(3.64,7.79)][(2.72,4.05)(3.87,3.33)][(9.87,9.98)(1.92,3.99)][(9.29,7.77)(5.65,1.86)][(1.57,2.98)(8.41,3.13)][(3.81,5.29)(4.34,4.16)][(2.08,1.92)(4.25,6.45)]
[(4.72,2.26)(3.68,8.12)][(2.26,4.29)(3.92,3.22)][(9.68,9.75)(1.56,3.89)][(9.72,7.67)(6.06,1.55)][(1.39,3.37)(8.88,3.50)][(3.31,5.72)(3.97,4.35)][(2.40,2.12)(3.75,6.43)]
[(4.98,1.83)(3.18,7.64)][(2.17,3.88)(3.99,3.22)][(9.20,9.37)(1.60,3.76)][(9.25,7.35)(6.04,1.49)][(1.88,3.35)(9.30,3.54)][(3.32,5.24)(3.47,4.40)][(2.38,1.68)(4.23,5.99)]
[(5.47,2.33)(3.53,7.14)][(1.70,3.59)(4.17,3.69)][(9.37,9.05)(1.12,3.57)][(8.75,7.66)(6.47,1.11)][(1.41,3.71)(9.28,3.13)][(3.39,5.02)(3.81,4.28)][(1.91,2.17)(4.18,5.83)]
[(4.99,1.83)(3.28,7.60)][(1.53,3.10)(3.98,3.75)][(9.00,9.28)(1.03,3.29)][(8.94,7.56)(6.25,1.42)][(1.06,3.75)(9.47,3.05)][(3.75,5.44)(3.73,4.74)][(1.46,1.68)(4.35,6.21)]
[(4.82,1.49)(3.48,8.03)][(1.91,3.04)(4.01,3.35)][(9.38,9.31)(1.32,2.86)][(8.69,8.05)(6.42,1.23)][(1.50,3.81)(9.08,2.55)][(4.16,5.94)(4.23,4.31)][(1.83,1.18)(4.30,6.22)]
[(4.36,1.96)(3.60,7.79)][(1.65,2.56)(3.95,3.53)][(9.88,8.99)(1.71,3.31)][(8.53,7.77)(5.97,1.31)][(1.86,4.24)(9.53,2.26)][(4.61,5.49)(4.60,4.11)][(2.03,1.66)(4.04,6.60)]
[(4.80,2.10)(3.66,8.16)][(2.13,3.04)(3.49,3.47)][(9.87,8.98)(1.92,2.88)][(8.15,8.24)(6.19,1.08)][(1.39,4.23)(9.18,1.92)][(4.28,5.71)(5.00,4.03)][(1.59,1.30)(3.59,6.83)]
[(5.16,1.96)(3.24,8.11)][(1.77,2.81)(3.04,3.88)][(9.95,8.75)(2.12,3.24)][(8.50,7.78)(6.66,1.55)][(1.69,3.94)(8.70,2.37)][(4.77,6.16)(5.28,4.51)][(1.89,1.42)(3.78,6.54)]
[(5.41,2.20)(2.76,7.90)][(1.30,2.69)(3.54,3.44)][(9.46,9.25)(2.34,3.23)][(8.28,7.29)(6.17,1.49)][(1.46,3.47)(8.29,2.56)][(4.28,6.57)(5.72,4.06)][(1.46,1.43)(3.53,6.69)]
[(5.87,2.63)(3.07,7.50)][(1.80,3.19)(3.95,3.92)][(9.63,9.56)(2.15,3.58)][(8.73,7.70)(6.56,1.64)][(1.93,3.14)(8.79,2.57)][(4.36,6.95)(5.66,4.53)][(1.53,1.59)(4.02,6.26)]
[(5.38,3.01)(2.68,7.43)][(1.32,2.74)(4.45,3.51)][(9.92,9.99)(2.12,3.14)][(8.55,7.82)(6.62,1.74)][(1.46,2.66)(8.48,2.90)][(4.52,7.04)(5.85,4.25)][(1.96,2.07)(4.37,6.11)]
[(5.64,2.59)(2.29,7.83)][(1.82,2.64)(4.72,3.58)][(9.45,9.80)(2.55,3.28)][(9.04,8.08)(6.47,2.14)][(1.49,2.71)(8.97,3.06)][(4.05,6.90)(5.39,4.65)][(1.52,1.59)(4.84,6.20)]
[(5.44,2.97)(2.53,8.18)][(1.87,2.83)(4.29,3.23)][(9.57,9.69)(2.12,3.66)][(8.76,8.54)(6.23,1.91)][(1.48,2.67)(8.74,3.20)][(4.02,7.39)(5.07,4.24)][(1.98,1.92)(4.35,6.62)]
[(5.94,2.59)(2.31,7.80)][(1.65,2.79)(4.69,3.29)][(9.11,9.20)(1.77,4.09)][(8.26,8.15)(6.62,1.76)][(1.71,2.21)(9.16,2.78)][(4.51,7.60)(5.42,4.15)][(1.62,2.41)(3.85,6.12)]
[(6.43,2.12)(1.85,7.97)][(2.15,3.26)(5.13,3.19)][(9.11,9.45)(1.47,4.32)][(7.76,7.65)(6.86,2.20)][(1.76,2.29)(8.69,3.12)][(4.02,7.87)(5.02,4.47)][(1.12,2.59)(4.11,6.52)]
[(6.93,1.78)(1.38,8.28)][(2.46,3.43)(5.21,3.13)][(9.42,9.90)(1.78,4.11)][(7.87,7.15)(7.09,2.66)][(1.48,1.91)(9.08,3.10)][(4.51,8.37)(4.98,4.89)][(1.61,3.05)(4.02,6.63)]
[(6.47,1.46)(1.53,7.86)][(2.18,3.22)(5.08,2.79)][(9.90,9.40)(1.95,3.61)][(7.97,6.72)(6.87,3.09)][(1.50,2.06)(9.28,2.61)][(5.00,8.79)(4.50,4.57)][(1.35,2.55)(3.53,6.99)]
[(6.02,1.33)(1.64,8.34)][(2.68,2.75)(5.47,2.91)][(9.93,9.59)(2.10,3.90)][(8.08,7.13)(6.48,3.45)][(1.00,1.82)(9.78,3.03)][(5.49,8.52)(4.60,4.51)][(1.71,2.36)(3.90,6.50)]
[(6.38,1.48)(1.57,8.66)][(2.77,2.25)(5.18,2.73)][(9.78,9.11)(2.55,3.96)][(7.63,7.63)(6.98,3.62)][(1.39,1.40)(9.74,3.34)][(5.18,8.02)(4.70,4.01)][(1.97,2.04)(3.48,6.43)]
[(6.63,1.96)(2.02,8.64)][(3.00,1.75)(4.71,2.24)][(9.94,8.62)(2.05,4.45)][(7.62,7.15)(6.84,3.13)][(1.38,1.90)(9.36,3.69)][(5.66,7.68)(4.43,3.53)][(1.89,1.67)(3.04,6.29)]
[(7.02,2.30)(2.45,8.96)][(3.48,1.65)(4.51,2.00)][(9.49,8.27)(2.15,4.92)][(7.27,7.42)(6.35,2.71)][(1.39,1.41)(9.29,4.15)][(5.57,7.75)(4.12,3.04)][(1.46,2.16)(3.13,5.96)]
[(6.70,2.54)(2.16,8.86)][(3.40,2.15)(4.03,1.53)][(9.86,8.77)(2.60,4.88)][(7.56,7.89)(6.85,3.10)][(1.88,1.08)(9.05,3.75)][(5.22,8.20)(4.47,3.16)][(1.41,1.72)(3.22,6.45)]
[(6.28,2.06)(1.67,9.07)][(2.91,1.90)(3.55,1.47)][(9.39,9.26)(2.14,4.99)][(7.48,8.18)(6.39,2.60)][(2.36,1.20)(9.15,3.36)][(5.67,8.15)(4.66,3.22)][(1.38,1.27)(3.69,5.97)]
[(5.79,2.55)(2.17,8.57)][(2.42,2.18)(3.19,1.21)][(9.83,9.52)(2.21,4.50)][(7.95,7.87)(5.89,2.67)][(2.41,1.53)(9.16,2.96)][(5.57,7.93)(4.86,3.72)][(1.58,1.54)(3.22,6.47)]
[(5.94,2.96)(2.36,8.59)][(2.39,1.98)(2.78,1.59)][(9.81,9.44)(2.66,5.00)][(8.44,7.92)(5.40,2.91)][(2.89,1.80)(9.33,3.18)][(5.52,8.11)(4.50,4.05)][(2.05,1.46)(3.72,5.98)]
[(5.47,3.28)(2.15,8.27)][(2.75,2.44)(2.35,1.42)][(9.73,9.61)(3.13,5.44)][(7.96,8.05)(5.67,2.42)][(2.68,1.70)(8.87,2.94)][(5.85,8.05)(4.62,3.94)][(2.50,1.91)(3.77,6.07)]
[(4.98,3.04)(2.53,8.77)][(3.25,2.72)(2.10,1.09)][(9.67,9.85)(3.12,5.94)][(7.65,8.07)(5.75,2.75)][(2.22,2.20)(9.37,2.92)][(6.05,8.14)(4.64,4.32)][(2.20,1.41)(3.44,5.65)]
[(4.80,3.17)(2.62,9.08)][(3.18,3.11)(2.44,1.38)][(9.17,9.61)(2.91,6.00)][(7.19,7.96)(5.58,2.25)][(2.31,2.59)(9.79,3.18)][(6.28,8.34)(4.20,4.41)][(2.29,1.34)(3.88,5.51)]
[(4.44,2.72)(2.13,9.38)][(2.72,2.77)(1.96,1.83)][(9.66,9.43)(3.23,6.44)][(7.37,7.67)(5.49,2.49)][(2.80,2.12)(9.30,3.65)][(6.00,8.75)(4.29,4.45)][(2.35,1.38)(3.54,5.02)]
[(3.95,2.83)(1.82,9.77)][(2.33,3.27)(1.61,2.05)][(9.17,9.72)(3.69,6.05)][(7.10,7.56)(5.41,2.82)][(2.30,2.16)(9.66,4.12)][(6.10,9.22)(4.11,4.87)][(2.05,1.23)(3.80,5.13)]
[(3.45,2.84)(1.78,9.79)][(2.20,3.58)(1.34,2.50)][(9.56,9.63)(4.19,6.28)][(6.63,7.30)(5.07,3.12)][(2.43,2.17)(9.22,4.61)][(6.56,9.56)(3.86,4.39)][(2.55,1.72)(3.70,4.99)]
[(3.85,2.65)(2.18,9.46)][(2.49,3.38)(1.72,2.72)][(9.06,9.13)(4.56,6.67)][(6.45,7.69)(5.26,3.21)][(2.70,1.69)(8.87,4.49)][(6.63,9.14)(3.45,4.71)][(2.09,1.32)(3.44,4.52)]
[(3.35,3.15)(1.71,9.07)][(2.00,3.26)(2.20,2.26)][(9.40,9.50)(4.89,7.11)][(6.85,7.19)(5.41,2.77)][(2.59,1.27)(8.68,4.06)][(6.92,9.28)(3.65,5.20)][(2.53,1.76)(2.95,4.50)]
[(3.47,3.26)(1.23,8.96)][(1.87,3.69)(2.69,2.40)][(9.06,9.00)(5.26,7.11)][(6.99,7.69)(5.32,2.46)][(2.53,1.77)(8.21,3.67)][(7.39,8.95)(3.81,5.20)][(2.25,1.48)(2.47,4.68)]
[(3.05,3.04)(1.48,9.37)][(1.66,3.59)(2.54,2.76)][(8.92,8.57)(5.65,7.57)][(7.43,7.59)(4.83,2.76)][(2.96,1.85)(8.56,3.54)][(7.09,9.16)(3.39,5.68)][(2.52,1.90)(2.94,4.65)]
[(2.61,2.69)(1.05,9.69)][(1.86,4.08)(2.77,2.45)][(9.41,8.32)(5.90,7.07)][(6.94,7.29)(4.72,2.30)][(3.16,1.43)(8.80,3.34)][(7.54,8.90)(3.47,6.10)][(2.59,2.26)(3.11,5.11)]
[(2.16,3.02)(1.53,9.23)][(1.76,3.90)(2.30,2.71)][(9.32,7.84)(6.28,7.36)][(6.62,7.61)(4.82,2.67)][(3.66,1.13)(9.23,3.57)][(7.04,8.98)(3.50,5.66)][(2.70,1.97)(2.62,4.96)]
[(1.72,2.84)(1.61,9.04)][(1.48,3.95)(2.52,2.28)][(9.05,7.87)(6.39,7.81)][(6.53,7.50)(4.49,3.11)][(3.20,1.62)(9.45,3.64)][(6.58,8.67)(3.64,6.13)][(3.17,2.34)(2.13,4.66)]
[(1.71,2.83)(2.06,8.96)][(1.37,3.77)(2.08,2.36)][(8.56,8.32)(6.23,8.18)][(6.62,7.99)(4.90,3.61)][(3.66,2.05)(9.75,3.84)][(6.41,8.18)(3.64,6.56)][(2.82,2.68)(2.09,4.43)]
[(2.10,2.62)(2.35,9.01)][(1.52,3.34)(2.43,2.40)][(9.02,8.82)(6.57,8.39)][(7.02,8.19)(4.94,3.86)][(3.95,2.52)(9.32,3.60)][(6.06,8.19)(4.10,6.81)][(3.32,3.18)(1.83,4.18)]
[(1.76,2.70)(2.09,8.55)][(1.06,2.85)(2.83,1.94)][(8.54,8.40)(6.14,7.89)][(7.29,8.04)(4.46,3.38)][(4.24,2.45)(9.82,3.15)][(6.22,8.69)(3.60,6.38)][(3.37,3.58)(1.44,3.71)]
[(2.02,2.20)(2.57,8.40)][(1.43,2.38)(2.33,1.58)][(9.02,8.36)(5.64,8.23)][(6.97,8.52)(4.06,2.94)][(3.76,2.93)(9.56,3.59)][(5.77,8.74)(3.21,6.10)][(3.62,4.04)(1.72,3.42)]
[(1.52,2.02)(2.96,8.72)][(1.93,1.89)(1.98,1.09)][(9.49,8.74)(5.16,8.70)][(7.38,8.11)(4.54,2.45)][(4.26,2.44)(9.93,3.12)][(5.47,8.92)(2.89,6.59)][(3.61,3.85)(2.21,3.74)]
[(1.47,1.53)(3.34,9.21)][(1.50,1.88)(2.48,1.55)][(8.99,9.07)(5.07,8.47)][(7.88,8.61)(4.49,2.95)][(4.04,2.93)(9.67,2.63)][(4.98,9.42)(3.38,6.92)][(3.11,3.44)(2.61,4.21)]
[(1.79,1.97)(3.28,8.73)][(1.16,1.81)(2.14,2.05)][(9.09,9.48)(4.57,8.95)][(8.37,9.10)(4.31,2.45)][(3.88,3.32)(9.92,3.02)][(5.20,8.99)(3.00,6.48)][(3.61,3.53)(2.68,4.15)]
[(2.08,1.53)(3.44,8.79)][(1.26,2.28)(2.55,2.54)][(8.73,9.03)(4.75,9.04)][(8.27,9.39)(4.80,2.68)][(3.38,3.69)(9.90,3.32)][(5.21,9.44)(2.51,6.94)][(3.47,3.17)(3.17,3.67)]
[(2.31,1.13)(3.47,9.20)][(1.47,2.50)(3.05,2.41)][(8.48,9.50)(5.10,9.21)][(7.80,9.64)(5.24,2.55)][(3.86,4.11)(9.44,3.33)][(4.85,9.70)(2.18,6.68)][(3.93,2.80)(3.24,3.26)]
[(1.83,1.51)(3.46,8.70)][(1.67,3.00)(3.02,2.77)][(8.44,9.70)(4.78,9.49)][(8.30,9.21)(5.66,2.46)][(3.60,4.45)(9.50,3.35)][(4.64,9.86)(2.48,6.76)][(3.43,3.20)(2.86,3.74)]
[(1.81,1.01)(2.97,8.21)][(1.45,3.38)(2.62,2.69)][(7.94,9.37)(4.28,8.99)][(8.61,8.77)(5.98,1.97)][(3.72,4.42)(10.00,3.02)][(4.97,9.44)(1.99,6.89)][(3.65,3.08)(3.33,3.52)]
[(1.35,1.02)(3.44,8.29)][(1.77,3.05)(2.22,2.88)][(8.32,8.92)(4.47,8.60)][(8.29,8.46)(5.93,2.03)][(3.91,4.28)(9.79,3.52)][(5.21,9.49)(2.48,7.17)][(3.90,3.14)(2.88,3.97)]
[(1.85,1.52)(3.17,8.56)][(1.90,3.45)(2.68,3.37)][(8.66,8.50)(3.97,8.21)][(8.03,7.99)(5.48,2.44)][(3.96,4.68)(9.89,3.70)][(5.58,9.26)(2.76,6.85)][(4.00,3.42)(2.39,4.04)]
[(2.35,1.23)(2.90,8.25)][(2.28,3.93)(3.17,3.14)][(8.24,8.74)(3.76,7.77)][(8.52,7.51)(5.12,2.65)][(4.37,4.19)(9.39,3.89)][(5.75,9.05)(2.29,7.26)][(4.49,3.70)(2.53,4.38)]
[(2.00,1.59)(2.57,8.44)][(2.04,3.49)(2.71,2.97)][(8.73,8.30)(4.25,8.27)][(8.75,7.57)(4.64,2.97)][(4.87,3.98)(9.01,3.61)][(5.71,8.75)(2.35,7.74)][(4.00,4.16)(2.93,4.71)]
[(1.84,1.68)(2.24,7.94)][(2.06,3.78)(3.05,3.44)][(8.47,7.94)(4.39,8.70)][(9.24,7.53)(5.06,2.49)][(4.64,3.89)(9.51,3.13)][(6.01,8.27)(2.12,7.56)][(4.09,4.66)(3.35,4.27)]
[(2.16,1.22)(1.93,8.43)][(2.13,3.96)(2.58,3.73)][(8.19,7.88)(3.89,8.23)][(9.74,7.03)(4.61,2.04)][(4.71,4.21)(9.15,3.22)][(5.72,8.52)(1.78,7.83)][(3.85,5.16)(3.84,3.90)]
[(2.06,1.51)(1.97,8.40)][(1.82,3.73)(2.37,3.74)][(8.18,8.20)(3.98,8.33)][(9.24,6.57)(4.72,1.99)][(5.19,3.73)(9.32,2.99)][(6.22,8.02)(1.75,7.54)][(4.12,5.10)(4.29,3.85)]
[(1.56,1.41)(2.06,8.19)][(1.76,3.75)(2.81,4.18)][(7.97,8.66)(4.05,7.87)][(9.15,6.52)(5.19,1.88)][(4.74,3.24)(9.82,2.77)][(6.72,8.28)(1.42,8.02)][(3.62,5.58)(3.88,4.35)]
[(2.05,1.21)(2.51,8.03)][(2.17,3.96)(2.31,3.70)][(8.46,8.66)(3.84,7.43)][(9.58,6.95)(5.47,2.38)][(4.92,2.81)(9.86,2.30)][(6.72,8.15)(1.07,8.34)][(3.55,6.05)(4.35,4.84)]
[(2.55,1.70)(2.78,7.61)][(2.66,3.58)(1.88,3.58)][(8.26,8.38)(4.10,6.94)][(9.20,7.32)(5.56,2.68)][(4.50,2.51)(9.59,2.09)][(6.43,8.65)(1.30,7.86)][(3.58,5.91)(4.76,4.68)]
[(2.23,2.20)(2.86,7.99)][(2.65,3.64)(1.89,3.11)][(8.64,8.59)(4.29,7.10)][(8.71,7.66)(5.72,2.79)][(4.32,2.50)(9.55,1.63)][(6.53,9.12)(1.53,8.03)][(3.46,6.01)(5.22,4.18)]
[(1.80,1.72)(2.36,7.56)][(3.13,3.33)(2.11,3.56)][(8.16,8.54)(4.08,6.97)][(9.03,7.17)(5.37,2.89)][(4.81,2.37)(9.82,2.06)][(6.87,9.17)(1.81,7.99)][(3.94,5.84)(4.72,3.79)]
[(1.31,2.07)(1.95,7.93)][(3.53,2.83)(2.60,3.07)][(8.50,8.72)(4.44,6.58)][(9.38,7.52)(5.27,2.78)][(4.66,2.69)(9.32,1.98)][(6.71,8.71)(1.62,7.82)][(3.70,5.47)(4.71,4.09)]
[(1.31,1.65)(2.40,7.74)][(3.05,2.36)(3.04,3.14)][(8.60,8.23)(3.95,6.48)][(9.16,7.82)(5.77,2.30)][(5.13,3.08)(9.70,2.40)][(6.22,8.90)(1.12,8.10)][(3.23,5.84)(5.21,4.15)]
[(1.46,2.14)(2.08,7.28)][(3.17,1.89)(3.52,2.74)][(8.26,8.11)(3.55,6.06)][(8.84,7.52)(5.40,2.71)][(4.87,3.42)(9.67,2.55)][(6.07,8.87)(1.03,8.32)][(3.45,5.86)(5.64,3.79)]
[(1.73,1.72)(1.64,7.66)][(3.05,1.80)(3.36,2.62)][(8.42,7.67)(3.59,5.57)][(9.17,8.02)(5.83,2.41)][(4.38,3.29)(9.97,2.96)][(6.57,8.38)(1.02,8.39)][(3.83,6.22)(5.20,3.31)]
[(1.95,1.77)(1.62,7.41)][(2.60,1.33)(3.41,2.52)][(8.92,7.45)(4.07,5.40)][(8.88,7.61)(5.37,2.51)][(4.35,3.05)(9.58,2.48)][(6.17,8.74)(1.13,7.99)][(3.71,6.63)(4.89,3.24)]
[(2.43,2.26)(1.94,7.81)][(2.50,1.72)(2.91,2.97)][(8.50,7.92)(4.33,5.90)][(9.37,8.05)(5.18,2.02)][(4.03,3.55)(9.50,2.41)][(5.67,8.55)(1.61,7.95)][(3.21,7.08)(4.41,2.75)]
[(2.93,2.55)(1.47,7.81)][(2.06,1.33)(2.47,3.21)][(8.13,8.02)(4.80,5.64)][(8.99,8.49)(5.61,1.88)][(3.75,3.11)(9.98,1.91)][(5.22,9.04)(1.79,7.62)][(2.71,6.67)(4.70,3.25)]
[(2.86,2.19)(1.10,7.60)][(1.60,1.18)(2.71,3.03)][(8.47,7.52)(4.30,5.25)][(8.97,8.60)(5.49,1.89)][(3.45,3.27)(9.51,1.44)][(5.40,8.99)(1.95,8.10)][(3.06,6.18)(5.00,3.61)]
[(2.72,2.44)(1.19,8.08)][(1.90,1.66)(3.21,2.65)][(8.10,7.77)(3.83,5.40)][(8.47,8.46)(5.84,1.54)][(3.91,3.20)(9.96,1.67)][(5.16,8.73)(1.64,8.16)][(2.57,5.77)(5.15,3.43)]
[(2.85,2.22)(1.65,7.86)][(2.30,1.19)(3.70,3.15)][(8.57,7.62)(3.78,5.60)][(8.07,8.91)(6.07,1.72)][(3.63,3.36)(9.50,1.48)][(5.65,9.00)(1.15,7.85)][(3.07,5.55)(4.78,3.90)]
[(2.47,2.17)(1.27,8.18)][(2.30,1.28)(3.95,3.25)][(8.09,7.63)(3.79,5.22)][(8.54,9.40)(5.95,1.24)][(3.15,3.07)(9.99,1.81)][(6.13,8.84)(1.20,7.42)][(3.46,5.61)(4.89,4.40)]
[(2.96,1.68)(1.54,8.27)][(2.08,1.44)(3.47,2.87)][(8.41,7.80)(3.65,5.28)][(8.20,9.50)(5.77,1.27)][(2.95,2.61)(9.96,2.29)][(5.73,8.85)(1.70,7.92)][(3.00,5.31)(4.46,3.96)]
[(3.43,1.89)(2.01,7.94)][(2.54,1.02)(2.97,3.23)][(8.13,7.40)(4.09,5.71)][(7.74,9.88)(5.32,1.38)][(3.02,2.52)(9.98,2.16)][(6.02,9.31)(1.66,8.01)][(3.08,5.79)(4.04,3.73)]
[(3.92,1.88)(2.27,8.16)][(2.35,1.07)(3.13,3.04)][(8.40,7.77)(3.84,5.36)][(7.59,9.51)(5.40,1.62)][(3.31,2.76)(9.64,1.94)][(6.02,9.16)(1.64,8.51)][(3.03,5.78)(3.54,3.33)]
[(3.62,1.40)(2.77,8.65)][(2.06,1.16)(3.04,2.57)][(8.50,7.74)(4.32,5.41)][(7.99,9.01)(5.85,1.98)][(3.54,2.66)(9.20,2.02)][(6.44,9.42)(1.20,8.99)][(3.53,6.25)(4.04,3.02)]
[(3.14,1.67)(2.46,9.08)][(1.94,1.55)(2.57,2.97)][(8.11,7.63)(4.34,5.43)][(7.53,8.68)(5.39,1.62)][(3.27,2.19)(9.15,1.52)][(6.11,9.08)(1.69,8.80)][(3.56,6.43)(3.56,3.38)]
[(2.90,1.25)(2.72,9.53)][(1.88,1.10)(2.53,2.49)][(8.34,7.23)(4.57,5.23)][(7.93,9.16)(4.92,2.07)][(2.85,2.22)(8.71,2.01)][(6.55,8.92)(1.78,8.31)][(3.99,6.91)(3.16,3.19)]
[(2.57,1.58)(2.23,9.81)][(2.38,1.60)(2.97,2.01)][(8.67,6.73)(5.06,5.36)][(7.74,9.18)(4.43,2.04)][(2.49,2.51)(8.94,1.56)][(6.05,9.24)(1.36,8.68)][(4.24,7.25)(3.04,2.99)]
[(2.48,1.10)(1.88,9.95)][(2.84,1.68)(3.16,2.08)][(8.41,7.04)(5.07,4.87)][(7.91,9.11)(4.75,2.46)][(2.49,2.09)(8.50,2.04)][(5.61,9.25)(1.33,9.08)][(4.46,7.49)(3.31,3.21)]
[(2.00,1.13)(1.69,9.56)][(3.34,1.56)(2.71,2.51)][(8.23,7.27)(5.22,5.13)][(7.42,8.82)(4.27,1.96)][(2.86,2.48)(8.04,1.63)][(6.01,9.75)(1.82,9.13)][(3.98,7.71)(3.72,3.00)]
[(1.54,1.12)(1.19,9.60)][(3.79,1.54)(2.40,2.16)][(7.81,7.00)(4.85,5.62)][(7.84,8.32)(4.11,1.97)][(2.55,2.98)(8.17,1.23)][(6.38,9.30)(1.64,8.64)][(3.70,8.05)(4.19,2.59)]
[(1.07,1.50)(1.40,9.84)][(3.46,1.10)(1.96,2.43)][(7.61,7.39)(4.36,5.42)][(8.07,8.77)(4.15,2.25)][(2.14,2.67)(8.47,1.58)][(6.55,9.11)(1.34,9.09)][(3.23,7.72)(4.37,3.01)]
[(1.36,1.67)(1.27,9.58)][(3.92,1.57)(2.42,2.92)][(7.14,7.09)(4.74,5.08)][(8.45,8.84)(3.68,2.75)][(2.40,2.36)(8.02,1.15)][(6.64,9.35)(1.76,9.59)][(2.77,7.66)(4.31,2.61)]
[(1.83,1.90)(1.64,9.89)][(4.09,1.53)(2.29,3.25)][(6.98,6.89)(4.81,5.51)][(8.95,9.26)(3.19,2.53)][(2.90,2.34)(8.18,1.60)][(6.61,8.88)(1.26,9.11)][(2.30,8.06)(4.39,3.09)]
[(1.45,1.43)(2.10,9.86)][(3.75,1.77)(2.45,3.70)][(7.20,6.42)(4.37,5.03)][(9.45,9.50)(3.53,2.60)][(2.66,1.96)(7.73,1.47)][(6.54,8.60)(1.61,8.99)][(1.89,7.71)(4.65,2.72)]
[(1.16,1.62)(1.60,9.99)][(4.21,1.45)(2.08,3.21)][(6.90,6.66)(4.54,4.53)][(9.62,9.24)(3.10,2.12)][(3.15,1.70)(8.20,1.88)][(6.17,8.62)(1.27,8.56)][(1.89,7.21)(4.62,2.37)]
[(1.57,2.11)(1.19,9.50)][(4.55,1.92)(2.55,3.70)][(7.21,6.94)(5.01,4.20)][(9.90,9.10)(3.22,1.82)][(3.37,2.20)(7.79,1.86)][(5.98,8.43)(1.66,8.10)][(1.86,7.19)(4.16,2.72)]
[(1.17,2.24)(1.31,9.74)][(4.13,2.02)(2.57,3.21)][(6.73,6.58)(5.31,4.70)][(9.53,8.62)(3.42,1.71)][(3.82,1.88)(7.34,2.33)][(5.49,8.87)(1.68,7.61)][(1.37,7.66)(3.87,2.95)]
[(1.38,2.72)(1.34,9.42)][(4.49,2.18)(3.04,2.99)][(6.26,6.89)(5.13,4.37)][(9.03,8.36)(3.19,1.24)][(4.26,1.42)(7.09,1.97)][(5.00,8.67)(1.81,7.55)][(1.61,7.52)(3.55,3.27)]
[(1.48,3.10)(1.37,9.92)][(4.10,2.63)(3.31,3.28)][(6.11,6.51)(4.63,3.99)][(8.71,8.47)(3.11,1.30)][(3.93,1.34)(7.23,2.08)][(4.73,9.16)(2.31,8.05)][(1.91,7.04)(3.29,3.76)]
[(1.11,3.57)(1.48,9.86)][(3.67,2.79)(3.42,2.79)][(6.60,6.37)(4.96,3.88)][(9.18,8.51)(2.65,1.80)][(3.44,1.54)(6.97,1.91)][(5.22,9.48)(2.21,8.23)][(2.40,7.52)(3.14,3.28)]
[(1.28,4.07)(1.47,9.61)][(4.12,2.71)(2.93,2.35)][(6.58,6.36)(4.57,3.95)][(9.46,8.53)(2.34,1.83)][(3.40,1.55)(6.62,2.35)][(5.71,8.98)(2.23,8.05)][(2.11,7.88)(3.36,3.78)]
[(1.18,3.58)(1.93,9.40)][(4.59,2.97)(2.59,1.88)][(7.07,6.58)(4.07,3.46)][(8.98,8.81)(1.95,1.37)][(3.78,2.05)(6.13,1.97)][(5.23,9.05)(2.62,8.03)][(1.87,7.42)(3.64,4.20)]
[(1.30,3.61)(2.28,8.96)][(4.09,3.32)(2.38,2.38)][(7.48,6.49)(3.78,3.74)][(9.03,8.38)(1.46,1.82)][(3.28,1.55)(6.59,1.50)][(5.72,8.98)(3.06,7.56)][(2.24,7.27)(4.14,4.66)]
[(1.65,3.71)(2.40,9.26)][(4.57,2.84)(2.83,1.96)][(7.45,6.60)(3.40,4.03)][(8.54,7.99)(1.96,1.79)][(2.99,1.18)(6.95,1.42)][(5.84,8.48)(2.67,7.89)][(1.76,6.81)(4.25,4.34)]
[(1.16,3.78)(2.54,9.54)][(4.75,3.19)(2.34,2.25)][(7.33,6.15)(3.30,4.31)][(8.07,8.41)(2.12,1.31)][(3.03,1.68)(6.74,1.51)][(6.15,8.14)(2.18,8.24)][(1.30,6.34)(4.74,4.77)]
[(1.63,3.64)(2.05,9.19)][(5.09,3.18)(2.22,2.63)][(7.80,6.61)(2.80,4.67)][(8.51,8.18)(1.71,1.60)][(3.28,1.91)(6.24,1.02)][(5.87,8.57)(2.47,8.44)][(1.10,6.36)(4.35,5.27)]
[(1.33,4.06)(1.78,9.36)][(4.66,2.68)(2.18,3.12)][(7.66,6.18)(3.16,5.15)][(8.15,7.75)(1.24,1.21)][(2.99,1.93)(6.74,1.17)][(5.64,8.96)(2.82,8.10)][(1.15,6.85)(4.27,5.28)]
[(1.82,4.22)(2.24,9.01)][(5.12,2.27)(2.54,2.98)][(8.05,5.68)(2.66,5.64)][(8.45,7.34)(1.64,1.66)][(3.29,2.22)(6.43,1.10)][(5.58,9.31)(2.46,8.58)][(1.65,6.74)(4.62,5.07)]
[(1.99,4.65)(2.68,9.25)][(5.61,1.94)(2.61,2.88)][(8.34,5.56)(3.16,5.49)][(8.95,7.32)(1.17,2.16)][(3.15,2.06)(6.25,1.59)][(5.98,8.88)(2.49,8.18)][(1.49,6.80)(4.38,4.57)]
[(2.00,4.21)(2.48,8.82)][(5.55,1.61)(2.12,3.28)][(8.21,5.59)(3.33,5.64)][(8.58,6.82)(1.59,2.61)][(2.69,1.79)(6.69,1.09)][(6.48,8.56)(2.98,7.82)][(1.82,7.29)(4.85,4.09)]
[(2.09,3.94)(2.29,8.94)][(5.65,1.16)(1.87,3.78)][(8.59,5.10)(3.83,5.88)][(8.43,7.02)(1.11,2.13)][(2.32,1.56)(7.10,1.58)][(6.94,8.53)(3.48,7.65)][(1.83,7.24)(4.58,3.75)]
[(2.59,3.46)(1.92,8.88)][(5.46,1.10)(2.34,4.27)][(9.08,5.20)(3.67,6.37)][(8.36,6.57)(1.46,1.67)][(2.77,2.06)(7.60,1.34)][(7.44,8.49)(3.07,7.92)][(1.34,7.52)(4.08,3.29)]
[(2.53,3.47)(2.00,9.17)][(5.66,1.29)(2.60,4.69)][(8.64,5.05)(3.36,6.82)][(8.11,6.66)(1.95,1.58)][(2.72,2.47)(7.10,1.60)][(7.21,8.00)(3.29,7.43)][(1.13,7.69)(4.16,2.97)]
[(2.95,3.51)(1.53,9.62)][(5.21,1.30)(2.14,4.22)][(8.15,5.21)(3.25,6.66)][(8.61,6.86)(2.33,1.66)][(2.85,2.69)(7.56,1.75)][(7.56,8.39)(3.67,7.61)][(1.61,7.47)(4.46,2.81)]
[(2.89,3.48)(1.05,9.55)][(5.70,1.54)(2.60,4.14)][(7.65,4.92)(2.93,7.07)][(9.08,6.77)(2.49,2.16)][(2.37,3.04)(7.52,1.80)][(7.21,7.91)(3.50,7.71)][(1.29,7.63)(4.58,2.31)]
[(2.98,3.96)(1.28,9.24)][(5.46,1.21)(3.07,4.38)][(7.71,5.01)(3.11,7.50)][(9.56,7.18)(2.42,2.08)][(1.94,3.04)(7.32,2.23)][(7.19,7.76)(3.78,8.20)][(1.34,7.48)(4.95,2.48)]
[(2.53,3.54)(1.76,8.80)][(5.45,1.71)(2.73,4.23)][(7.88,4.72)(3.49,7.52)][(9.97,7.35)(1.99,1.78)][(2.22,2.55)(7.71,1.74)][(7.68,7.30)(3.50,8.36)][(1.76,7.10)(4.90,2.98)]
[(2.30,3.93)(1.68,9.23)][(5.66,2.15)(3.22,4.59)][(7.38,4.96)(3.26,7.29)][(9.90,7.36)(1.55,1.28)][(2.69,2.48)(7.52,2.17)][(7.77,7.68)(3.23,8.23)][(1.92,6.91)(4.63,2.51)]
[(2.80,4.38)(1.43,9.64)][(6.07,2.08)(3.53,4.15)][(6.97,4.83)(3.11,7.77)][(9.40,7.08)(1.06,1.71)][(2.49,1.99)(7.23,1.67)][(8.20,7.93)(3.70,8.73)][(1.59,6.94)(4.98,2.03)]
[(3.27,4.20)(1.77,9.84)][(6.02,2.58)(3.98,4.43)][(6.94,4.99)(2.62,7.83)][(9.84,7.58)(1.14,1.22)][(2.47,1.70)(7.51,1.32)][(7.88,7.95)(3.71,9.21)][(1.17,6.46)(4.58,2.51)]
[(3.77,3.75)(1.28,9.45)][(6.36,2.12)(4.47,3.96)][(6.44,4.86)(2.74,7.47)][(9.45,7.54)(1.31,1.69)][(2.82,1.30)(7.14,1.24)][(8.37,7.60)(3.35,9.64)][(1.45,6.13)(5.05,2.18)]
[(4.12,3.98)(1.08,9.48)][(5.97,1.68)(4.49,3.60)][(6.11,5.06)(2.52,7.04)][(9.95,7.72)(1.67,1.99)][(2.81,1.23)(6.72,1.09)][(8.74,7.38)(3.51,9.14)][(1.33,6.62)(5.16,1.98)]
[(4.06,3.86)(1.57,9.86)][(6.27,1.29)(4.45,3.10)][(6.33,4.73)(2.59,7.54)][(9.45,7.49)(1.27,2.42)][(2.34,1.73)(6.56,1.31)][(8.61,7.64)(3.13,8.64)][(1.09,7.12)(5.58,1.72)]
[(3.86,4.36)(2.07,9.95)][(6.30,1.65)(4.13,2.66)][(6.15,5.03)(3.04,7.04)][(9.49,7.89)(1.70,2.82)][(2.83,2.21)(6.07,1.31)][(9.00,7.90)(3.13,9.03)][(1.56,6.68)(5.72,1.85)]
[(3.43,4.25)(1.59,9.81)][(6.78,1.42)(3.68,2.46)][(6.19,4.61)(2.54,7.53)][(9.86,8.22)(1.22,2.98)][(2.76,2.65)(6.22,1.45)][(8.84,7.64)(2.66,8.56)][(1.31,6.24)(6.04,2.24)]
[(3.17,4.72)(1.14,9.34)][(7.24,1.04)(3.31,2.92)][(5.80,5.09)(3.04,8.01)][(9.42,7.73)(1.58,2.98)][(2.58,2.49)(6.63,1.10)][(8.34,7.43)(3.12,8.27)][(1.49,5.96)(5.56,2.73)]
[(3.08,4.26)(1.64,9.73)][(7.10,1.26)(2.85,2.91)][(5.87,4.80)(3.47,7.55)][(8.93,7.94)(1.28,3.31)][(2.30,2.89)(6.38,1.44)][(8.82,6.96)(3.11,8.77)][(1.11,6.35)(5.16,3.01)]
[(3.21,4.00)(1.91,9.66)][(7.59,1.52)(2.54,2.42)][(5.79,5.08)(3.18,7.17)][(9.03,7.46)(1.61,3.06)][(2.33,3.27)(6.59,1.94)][(8.48,6.56)(2.84,8.29)][(1.24,6.63)(5.14,3.30)]
[(3.23,4.37)(1.90,9.21)][(7.24,1.47)(2.82,2.70)][(5.43,4.93)(2.81,6.72)][(9.17,7.16)(1.24,2.61)][(2.36,3.76)(6.09,1.45)][(7.98,6.76)(3.31,8.03)][(1.72,6.70)(4.64,3.02)]
[(2.74,4.57)(1.73,8.72)][(7.11,1.00)(2.45,2.50)][(5.90,5.16)(2.56,6.87)][(9.67,7.07)(1.74,2.56)][(1.86,3.61)(5.62,1.71)][(7.94,7.25)(3.34,7.84)][(1.74,7.16)(4.97,2.61)]
[(2.28,5.03)(1.57,8.31)][(6.80,1.42)(2.95,2.14)][(6.28,5.66)(2.74,6.44)][(9.17,7.57)(1.95,2.49)][(1.53,4.03)(5.71,2.13)][(7.50,7.06)(3.14,7.92)][(1.51,7.62)(4.52,2.22)]
[(1.78,5.49)(2.05,8.69)][(7.05,1.68)(3.09,1.70)][(6.75,5.72)(3.23,6.02)][(8.71,7.54)(2.03,2.64)][(1.97,3.58)(6.20,2.48)][(7.27,7.44)(2.95,8.20)][(1.44,7.12)(4.22,2.72)]
[(1.29,5.75)(2.04,9.00)][(6.78,1.19)(3.09,2.13)][(6.65,5.59)(3.72,5.96)][(8.23,7.04)(2.48,2.22)][(1.48,3.93)(6.03,2.49)][(7.74,6.94)(3.24,7.96)][(1.63,7.40)(3.74,3.00)]
[(1.65,5.62)(2.44,9.46)][(6.32,1.52)(3.13,2.47)][(6.65,5.75)(3.91,5.58)][(8.67,6.96)(2.96,2.71)][(1.94,3.67)(6.49,2.58)][(7.92,7.44)(3.67,8.10)][(1.87,6.95)(3.82,3.17)]
[(1.35,5.17)(2.79,9.24)][(6.48,1.86)(3.63,2.78)][(7.15,6.23)(3.86,5.75)][(8.29,7.46)(3.38,3.08)][(2.14,4.13)(6.58,2.87)][(8.31,7.90)(3.46,7.86)][(1.46,7.03)(3.62,3.19)]
[(1.70,5.63)(2.29,9.19)][(6.05,2.10)(3.32,2.87)][(6.68,6.67)(4.20,5.79)][(8.79,7.86)(3.81,3.45)][(2.08,3.68)(6.16,2.39)][(7.87,8.19)(3.50,7.40)][(1.91,7.34)(3.30,3.01)]
[(1.42,5.92)(2.79,8.72)][(6.48,1.71)(2.83,2.77)][(7.17,7.03)(3.76,5.37)][(9.27,7.57)(3.55,3.05)][(1.58,4.17)(5.89,2.36)][(8.35,7.80)(3.55,7.39)][(1.65,6.85)(3.13,3.28)]
[(1.15,6.31)(2.68,8.23)][(6.70,1.22)(2.75,2.29)][(7.67,7.50)(4.24,5.76)][(8.92,7.22)(3.98,2.99)][(2.08,3.77)(5.47,2.27)][(8.48,7.49)(3.97,7.42)][(1.44,7.23)(2.78,3.08)]
[(1.61,6.57)(2.82,7.73)][(6.61,1.49)(2.27,1.82)][(7.88,7.75)(4.21,5.53)][(8.93,7.62)(4.22,3.35)][(1.67,3.50)(5.91,2.74)][(8.98,7.99)(4.46,7.43)][(1.04,7.14)(2.69,2.58)]
[(1.14,6.99)(3.32,7.29)][(6.11,1.67)(1.77,1.65)][(7.65,8.07)(4.26,5.49)][(9.27,8.07)(3.76,3.81)][(1.61,3.69)(5.47,3.05)][(9.03,7.57)(3.99,7.54)][(1.39,6.72)(2.28,2.95)]
[(1.54,6.49)(3.76,6.84)][(6.47,1.96)(2.10,1.80)][(7.87,8.46)(4.75,5.82)][(9.14,7.59)(3.77,4.29)][(2.00,3.21)(4.98,3.24)][(9.25,7.78)(4.34,7.96)][(1.66,6.29)(1.98,2.81)]
[(1.04,6.37)(4.08,7.07)][(6.14,1.80)(2.51,2.16)][(7.73,8.20)(4.53,6.32)][(8.99,7.80)(3.42,4.79)][(2.41,2.71)(5.06,3.47)][(9.57,7.29)(4.32,7.47)][(2.06,6.78)(1.77,2.63)]
[(1.18,6.04)(4.58,6.62)][(6.15,2.26)(2.86,1.66)][(7.26,8.13)(5.01,6.08)][(8.49,7.31)(3.52,4.32)][(2.48,2.89)(4.66,3.95)][(9.70,7.74)(4.67,7.81)][(1.95,6.65)(1.85,2.82)]
[(1.48,5.76)(5.03,6.13)][(5.66,1.93)(3.34,1.98)][(7.07,8.40)(5.05,5.79)][(7.99,7.28)(3.12,4.36)][(2.88,3.39)(4.17,4.18)][(9.32,7.24)(4.46,7.72)][(1.48,6.82)(2.27,2.51)]
[(1.98,6.24)(5.28,5.67)][(6.03,1.66)(3.01,2.46)][(7.05,8.69)(4.79,6.28)][(7.49,7.02)(2.63,4.06)][(2.41,3.13)(4.02,4.32)][(9.16,7.23)(3.96,7.68)][(1.64,7.19)(2.48,2.06)]
[(1.72,5.93)(5.23,5.18)][(5.57,1.21)(2.89,2.46)][(7.03,8.80)(4.41,5.82)][(7.11,6.56)(2.64,4.12)][(2.45,3.52)(3.99,4.39)][(8.83,6.99)(4.39,7.95)][(2.14,7.68)(2.79,2.56)]
[(1.80,5.81)(4.76,5.45)][(6.03,1.62)(2.41,2.24)][(7.30,8.60)(4.61,5.34)][(7.23,7.02)(2.45,3.65)][(2.70,3.90)(3.67,4.21)][(9.09,6.88)(4.41,8.44)][(2.62,8.15)(3.29,2.08)]
[(2.26,6.22)(4.40,5.85)][(6.53,1.67)(2.25,1.94)][(7.67,8.98)(4.90,5.70)][(6.76,7.50)(2.60,3.63)][(2.61,4.40)(4.15,4.39)][(8.63,7.17)(4.16,8.27)][(2.62,8.55)(2.88,1.59)]
[(2.76,5.92)(4.10,6.22)][(6.58,2.11)(2.75,2.04)][(7.54,9.12)(5.37,6.20)][(6.95,7.64)(2.70,3.93)][(2.53,3.91)(4.39,3.91)][(8.94,7.58)(3.76,8.46)][(2.60,8.11)(2.38,1.45)]
[(2.39,5.46)(3.90,5.78)][(6.30,2.58)(2.80,2.34)][(7.40,8.63)(5.87,5.77)][(7.01,7.57)(2.99,3.59)][(2.74,4.37)(4.82,3.45)][(8.94,7.69)(3.97,8.69)][(2.39,8.59)(2.69,1.43)]
[(2.89,5.96)(4.31,5.53)][(6.74,3.01)(2.79,2.59)][(6.94,9.13)(6.36,5.53)][(6.82,7.68)(2.60,3.45)][(2.58,4.30)(4.53,2.99)][(9.14,7.48)(3.47,8.51)][(1.96,9.05)(3.18,1.92)]
[(3.16,5.85)(4.08,5.05)][(6.72,3.06)(3.18,2.96)][(7.12,9.58)(5.92,6.03)][(7.11,7.19)(2.52,3.93)][(2.96,4.53)(4.36,2.97)][(8.69,7.82)(3.95,8.83)][(1.50,9.41)(2.71,2.39)]
[(3.54,5.89)(3.78,4.55)][(6.57,2.58)(2.77,3.14)][(6.70,9.49)(5.73,5.53)][(7.06,7.06)(2.44,4.08)][(2.56,4.95)(4.76,3.45)][(8.23,7.50)(3.45,8.92)][(1.24,8.97)(2.76,1.97)]
[(4.00,6.28)(4.08,4.07)][(7.06,2.10)(2.99,2.64)][(7.14,9.46)(5.25,5.23)][(7.55,7.24)(2.64,3.76)][(2.65,5.42)(4.69,3.92)][(8.73,7.00)(3.00,8.49)][(1.09,9.42)(2.74,2.36)]
[(3.63,6.49)(3.69,3.61)][(7.54,2.39)(3.46,2.22)][(7.55,9.23)(5.11,5.15)][(7.85,7.39)(3.07,4.25)][(3.01,5.12)(4.56,3.61)][(8.23,7.39)(2.53,8.19)][(1.03,9.69)(2.24,1.87)]
[(3.36,6.62)(3.60,3.79)][(7.20,2.59)(3.26,1.81)][(7.67,9.73)(5.55,5.13)][(8.27,7.27)(2.58,3.78)][(3.28,4.87)(4.23,4.10)][(7.74,7.83)(2.06,8.51)][(1.45,9.67)(1.78,1.41)]
[(3.49,7.12)(3.67,4.28)][(7.59,2.81)(2.80,1.61)][(8.15,9.50)(5.98,4.89)][(7.92,7.72)(3.05,4.20)][(3.20,4.76)(4.59,4.22)][(8.19,7.39)(2.16,8.53)][(1.29,9.97)(2.24,1.27)]
[(3.87,7.12)(3.24,3.91)][(8.02,3.29)(2.80,1.12)][(7.65,9.82)(6.47,5.32)][(8.31,8.17)(3.29,4.63)][(2.71,4.28)(4.77,4.69)][(8.20,7.85)(2.66,8.15)][(1.30,9.59)(1.76,1.01)]
[(3.66,7.55)(2.80,3.87)][(8.09,3.79)(2.73,1.57)][(7.26,9.60)(6.73,5.23)][(8.55,7.87)(3.65,4.21)][(2.66,4.58)(5.09,4.19)][(8.07,7.49)(2.24,8.42)][(1.03,9.52)(1.85,1.51)]
[(3.90,7.74)(3.28,3.39)][(8.53,3.58)(2.92,1.39)][(7.51,9.59)(6.29,4.81)][(8.29,7.37)(3.18,3.77)][(2.38,4.92)(4.59,4.08)][(8.57,7.19)(2.61,8.67)][(1.46,9.86)(2.22,1.74)]
[(3.46,7.27)(3.67,3.82)][(8.80,3.89)(2.67,1.39)][(7.56,9.12)(5.95,4.85)][(8.24,7.85)(3.46,4.12)][(1.91,5.38)(4.61,4.35)][(8.89,7.64)(2.25,8.69)][(1.47,9.58)(1.81,2.11)]
[(3.04,6.78)(3.32,3.38)][(8.36,3.91)(2.86,1.50)][(8.06,9.02)(6.40,4.35)][(8.69,8.29)(3.41,4.30)][(2.02,5.79)(4.11,4.05)][(9.18,8.06)(1.75,9.17)][(1.27,9.67)(1.82,2.14)]
[(3.53,6.82)(3.45,3.56)][(8.78,4.40)(3.30,1.97)][(8.36,8.55)(6.84,4.54)][(9.14,8.13)(3.44,4.79)][(1.84,5.60)(4.35,3.80)][(9.29,8.51)(1.26,9.20)][(1.76,9.93)(1.37,1.69)]
[(3.63,6.92)(3.12,3.33)][(8.60,4.73)(3.42,1.96)][(8.51,8.17)(7.14,4.04)][(9.42,8.58)(3.93,5.16)][(1.47,5.34)(4.15,3.48)][(9.01,8.50)(1.59,9.66)][(2.24,9.56)(1.31,1.29)]
[(3.89,7.39)(2.85,3.76)][(8.10,5.23)(3.63,2.03)][(8.75,8.11)(7.05,4.26)][(8.97,8.78)(3.86,5.55)][(1.75,4.85)(4.65,3.36)][(8.52,8.00)(1.11,9.61)][(2.74,9.27)(1.40,1.79)]
[(4.33,7.00)(2.91,3.64)][(7.66,4.98)(4.08,1.76)][(9.17,7.61)(7.53,4.52)][(8.48,8.28)(4.35,5.20)][(1.61,4.42)(4.47,3.75)][(9.00,7.58)(1.43,9.82)][(2.32,9.76)(1.53,2.27)]
[(4.00,7.22)(3.36,3.61)][(7.20,4.61)(4.34,1.35)][(8.73,7.83)(7.67,4.92)][(8.01,7.78)(3.91,4.89)][(1.51,4.06)(4.75,3.63)][(8.84,7.79)(1.08,9.32)][(2.13,9.78)(1.61,2.35)]
[(3.50,6.72)(3.72,3.19)][(7.20,5.10)(3.90,1.51)][(8.29,7.89)(7.27,5.40)][(8.42,8.01)(3.79,5.25)][(1.15,3.66)(4.95,3.90)][(9.34,7.33)(1.57,9.09)][(1.91,9.42)(1.30,2.52)]
[(3.71,6.32)(3.76,3.00)][(6.74,4.78)(3.95,1.54)][(8.74,7.95)(6.77,5.12)][(8.91,8.45)(3.29,5.04)][(1.44,3.24)(4.50,3.51)][(9.76,6.92)(1.38,8.59)][(2.40,9.62)(1.71,3.01)]
[(4.20,6.09)(4.19,2.95)][(6.56,5.24)(4.08,1.25)][(8.41,8.44)(6.27,5.62)][(8.80,8.36)(2.80,5.00)][(1.64,2.74)(4.10,3.30)][(9.44,7.25)(1.74,8.40)][(2.15,9.28)(1.69,3.51)]
[(4.24,5.59)(4.65,2.47)][(6.97,5.29)(4.33,1.30)][(8.58,8.93)(6.77,5.73)][(8.30,8.80)(3.14,5.14)][(1.74,2.30)(3.68,3.72)][(9.50,6.84)(1.30,8.06)][(2.56,9.68)(2.10,3.28)]
[(4.19,5.83)(5.05,2.35)][(6.83,5.77)(4.81,1.69)][(8.44,8.44)(6.38,5.74)][(7.86,8.31)(3.28,5.16)][(1.84,1.94)(3.86,4.22)][(9.65,6.54)(1.02,7.67)][(3.01,9.77)(1.70,3.76)]
[(3.79,6.02)(5.12,2.55)][(6.39,6.27)(5.31,1.48)][(7.94,8.93)(5.90,5.92)][(7.82,8.30)(2.80,5.36)][(1.37,1.78)(3.87,4.67)][(9.42,6.37)(1.46,8.10)][(2.89,9.99)(1.39,3.27)]
[(3.56,6.33)(5.61,2.07)][(5.89,6.69)(5.73,1.05)][(8.28,8.97)(5.41,6.08)][(7.94,8.00)(2.43,5.79)][(1.13,1.92)(3.54,4.67)][(9.15,5.90)(1.01,7.82)][(3.30,9.50)(1.01,2.85)]
[(3.08,6.53)(5.25,1.59)][(6.31,7.16)(5.29,1.48)][(7.98,9.39)(5.10,5.58)][(7.57,8.22)(1.94,5.30)][(1.38,2.35)(4.00,5.14)][(9.10,6.36)(1.22,7.76)][(2.92,9.66)(1.02,3.28)]
[(2.91,6.82)(5.18,1.50)][(6.81,6.98)(4.79,1.94)][(8.45,9.07)(4.84,6.05)][(7.50,8.62)(1.82,4.93)][(1.59,1.96)(3.96,5.49)][(8.62,5.93)(1.44,7.87)][(2.80,9.89)(1.51,3.73)]
[(3.18,6.68)(4.69,1.67)][(7.02,7.15)(4.29,1.70)][(8.90,8.74)(5.34,6.13)][(7.06,8.99)(1.32,5.43)][(1.98,1.56)(3.73,5.60)][(8.36,5.91)(1.03,8.03)][(3.26,9.54)(1.41,3.55)]
[(3.53,6.72)(4.19,1.47)][(6.53,6.88)(4.37,1.25)][(9.16,8.54)(5.53,6.30)][(6.66,9.48)(1.62,5.93)][(2.05,1.06)(4.15,5.14)][(7.91,5.85)(1.49,8.13)][(2.79,9.89)(1.57,3.14)]
[(3.08,6.98)(4.46,1.30)][(6.11,6.53)(4.80,1.39)][(9.27,8.69)(5.61,5.81)][(6.19,9.66)(1.56,5.71)][(1.61,1.45)(3.68,5.60)][(7.44,5.64)(1.60,8.63)][(2.29,9.94)(1.34,3.63)]
[(3.06,7.48)(4.57,1.56)][(5.93,6.06)(4.37,1.89)][(9.58,8.88)(5.90,5.31)][(6.05,9.68)(1.19,6.13)][(2.05,1.70)(3.84,5.39)][(7.62,5.52)(1.12,8.82)][(2.40,9.66)(1.84,3.31)]
[(3.34,7.70)(4.69,1.38)][(5.47,6.04)(4.87,1.75)][(9.87,8.45)(5.66,5.80)][(6.52,9.28)(1.02,6.19)][(2.11,1.61)(3.74,5.08)][(7.13,5.44)(1.16,9.25)][(2.04,9.26)(1.59,3.19)]
[(3.53,7.97)(4.46,1.14)][(5.03,5.56)(4.41,2.24)][(9.60,8.76)(5.43,5.37)][(6.16,8.81)(1.24,5.98)][(2.39,1.94)(3.38,4.66)][(6.83,4.95)(1.31,9.74)][(1.85,8.90)(1.62,2.71)]
[(3.97,8.25)(4.59,1.36)][(5.53,6.03)(4.07,1.78)][(9.39,9.24)(5.81,5.28)][(5.66,9.05)(1.10,5.66)][(2.67,2.08)(3.83,4.67)][(6.59,5.45)(1.42,9.24)][(1.62,8.52)(1.34,3.20)]
[(3.54,8.54)(4.18,1.67)][(5.87,5.59)(4.02,1.28)][(9.62,9.49)(6.30,5.14)][(6.10,9.01)(1.46,5.39)][(2.82,1.96)(3.97,4.51)][(6.93,5.80)(1.40,9.56)][(1.92,8.81)(1.61,3.29)]
[(3.16,8.82)(3.91,1.88)][(5.81,6.02)(4.07,1.07)][(9.98,9.38)(6.24,5.46)][(6.40,9.08)(1.35,5.51)][(3.05,2.20)(4.46,4.65)][(6.71,6.30)(1.50,9.35)][(1.76,8.33)(1.55,3.79)]
[(2.67,8.33)(4.31,2.22)][(6.04,5.52)(4.10,1.51)][(9.94,9.60)(6.50,4.97)][(6.37,9.21)(1.58,5.01)][(3.52,2.06)(4.18,5.14)][(6.79,6.50)(1.89,9.36)][(1.98,8.53)(1.69,3.98)]
[(3.16,8.20)(4.56,1.84)][(6.02,5.10)(4.60,1.05)][(9.45,9.96)(6.17,4.65)][(5.90,9.01)(2.04,5.09)][(3.81,1.93)(4.58,5.31)][(6.57,6.06)(1.84,9.00)][(2.27,8.89)(1.39,3.77)]
[(3.32,7.85)(4.08,1.57)][(6.52,5.31)(4.14,1.27)][(9.29,9.60)(6.39,5.10)][(5.41,9.34)(2.44,5.56)][(4.29,1.43)(4.97,5.73)][(6.08,6.10)(1.49,8.69)][(2.62,8.39)(1.36,3.28)]
[(2.96,7.39)(4.58,1.44)][(6.54,5.22)(4.09,1.53)][(8.79,9.27)(6.26,4.65)][(5.05,8.98)(2.39,5.40)][(4.39,1.61)(5.36,5.32)][(6.57,6.58)(1.12,9.19)][(2.50,8.14)(1.15,3.77)]
[(3.33,7.32)(4.10,1.92)][(6.12,4.80)(4.03,1.10)][(9.27,9.42)(6.00,4.57)][(4.58,8.52)(1.91,5.80)][(4.82,1.13)(5.49,5.74)][(6.38,6.23)(1.45,9.33)][(2.69,7.80)(1.59,3.29)]
[(3.22,7.05)(4.23,1.84)][(6.53,4.59)(4.16,1.17)][(8.78,8.92)(6.47,4.58)][(4.08,9.02)(2.40,5.86)][(4.67,1.51)(5.06,5.39)][(6.88,6.73)(1.79,9.78)][(2.22,8.30)(1.37,3.10)]
[(3.02,6.56)(4.50,1.36)][(6.37,4.13)(3.98,1.66)][(8.57,8.93)(6.02,4.25)][(3.80,9.07)(2.51,5.47)][(4.61,1.95)(5.04,5.88)][(6.97,7.17)(2.29,9.31)][(2.21,7.83)(1.70,3.12)]
[(2.55,6.08)(4.11,1.82)][(6.00,4.05)(3.63,1.22)][(8.08,8.59)(6.47,4.52)][(3.32,9.21)(2.89,5.88)][(4.96,2.34)(4.74,6.02)][(6.81,6.88)(2.43,9.03)][(1.71,7.76)(2.03,2.62)]
[(2.05,5.62)(3.93,1.32)][(5.66,4.39)(3.58,1.38)][(7.98,9.09)(6.16,4.98)][(3.67,9.56)(3.37,6.12)][(4.55,2.32)(5.05,5.75)][(7.07,6.58)(2.80,8.93)][(1.91,7.38)(2.26,2.12)]
[(2.54,5.12)(4.00,1.81)][(6.13,4.14)(3.20,1.19)][(7.49,9.49)(6.14,5.42)][(4.02,9.35)(2.88,6.20)][(4.92,2.64)(4.55,5.65)][(6.58,6.08)(2.30,9.40)][(2.13,7.23)(2.08,1.85)]
[(2.66,5.58)(3.70,1.45)][(5.84,4.39)(2.74,1.69)][(7.92,9.07)(6.62,4.92)][(4.50,9.76)(3.38,6.55)][(5.26,2.74)(4.99,6.07)][(6.09,6.14)(2.58,9.12)][(2.17,7.62)(2.40,1.52)]
[(2.32,5.74)(3.75,1.21)][(5.44,4.53)(2.97,1.19)][(7.53,8.67)(6.60,5.29)][(4.25,9.26)(3.11,6.05)][(4.98,2.88)(5.33,6.51)][(5.61,6.24)(2.08,8.73)][(1.69,7.60)(2.72,1.96)]
[(1.84,6.15)(3.43,1.64)][(5.93,4.29)(3.46,1.42)][(7.04,8.35)(6.13,5.70)][(4.58,9.30)(2.86,6.28)][(5.45,3.36)(5.77,6.41)][(5.23,6.57)(2.35,8.48)][(2.18,8.02)(2.38,2.32)]
[(1.56,5.94)(3.23,1.31)][(5.46,3.98)(2.98,1.84)][(6.81,8.08)(6.62,5.25)][(5.06,9.72)(2.58,5.78)][(5.43,3.84)(6.23,6.47)][(5.70,6.65)(1.87,8.10)][(1.98,8.34)(1.95,2.82)]
[(1.53,5.77)(3.28,1.59)][(5.15,3.85)(3.02,1.56)][(7.23,7.71)(7.09,5.75)][(5.47,9.44)(2.08,5.47)][(5.91,3.34)(6.35,6.63)][(5.48,6.75)(1.85,8.39)][(1.49,8.68)(1.63,2.32)]
[(1.03,5.28)(3.73,1.71)][(5.31,3.88)(2.93,2.00)][(6.78,7.30)(7.59,5.83)][(5.14,8.96)(2.35,5.94)][(5.46,3.54)(5.85,6.51)][(5.50,6.29)(2.01,7.96)][(1.12,8.44)(1.79,1.93)]
[(1.53,4.92)(4.15,1.55)][(5.74,3.61)(3.22,2.31)][(6.70,6.82)(7.18,5.68)][(5.63,8.48)(2.43,6.30)][(5.24,3.07)(6.06,6.98)][(5.19,6.44)(1.57,8.36)][(1.16,8.72)(1.35,2.41)]
[(1.23,4.46)(3.65,2.03)][(6.23,3.21)(3.01,2.80)][(6.64,6.33)(7.64,5.44)][(6.13,8.06)(2.93,6.39)][(5.45,2.92)(6.19,6.87)][(5.28,6.67)(1.89,7.87)][(1.65,8.73)(1.35,2.06)]
[(1.11,4.88)(3.18,2.07)][(5.82,2.96)(2.54,2.43)][(6.42,5.86)(7.45,5.00)][(6.50,8.01)(2.75,6.35)][(5.86,3.03)(6.44,6.81)][(5.73,6.62)(2.35,8.30)][(2.08,8.87)(1.06,1.72)]
[(1.18,4.68)(3.31,2.25)][(5.38,2.86)(2.94,2.37)][(6.39,5.75)(7.94,4.93)][(6.62,8.01)(3.23,6.32)][(5.70,3.52)(6.17,7.10)][(5.39,7.06)(2.84,8.00)][(2.50,8.85)(1.11,1.31)]
[(1.27,4.95)(2.82,2.52)][(5.43,2.71)(2.45,2.09)][(6.88,5.92)(7.45,4.80)][(6.79,7.64)(3.48,6.82)][(5.52,3.58)(5.67,7.23)][(5.53,7.37)(3.26,8.28)][(2.08,8.66)(1.00,1.80)]
[(1.28,4.46)(3.20,2.02)][(5.42,2.93)(2.61,1.65)][(6.39,6.24)(7.12,5.15)][(6.89,8.06)(3.11,6.99)][(5.84,3.57)(5.19,6.73)][(5.13,6.89)(3.67,7.78)][(2.36,8.56)(1.34,1.49)]
[(1.21,4.35)(3.68,2.50)][(5.04,3.17)(2.17,1.18)][(6.41,5.90)(7.59,5.59)][(6.75,8.55)(2.61,6.90)][(5.36,3.88)(4.90,6.37)][(4.68,6.50)(4.06,7.65)][(2.02,8.79)(1.59,1.89)]
[(1.46,4.14)(3.97,2.18)][(5.45,2.85)(2.61,1.19)][(6.56,5.91)(8.08,5.10)][(6.57,8.81)(2.19,6.97)][(5.05,3.73)(4.86,5.87)][(4.84,6.05)(4.26,7.88)][(2.35,8.62)(1.92,1.65)]
[(1.02,3.98)(4.27,2.55)][(5.03,3.35)(2.11,1.42)][(7.06,6.37)(7.58,5.43)][(6.24,8.31)(1.94,7.26)][(5.52,3.41)(5.07,6.19)][(4.58,6.12)(4.40,8.23)][(2.72,8.63)(1.82,2.15)]
[(1.40,4.45)(3.87,2.05)][(5.06,3.03)(2.32,1.42)][(6.64,6.21)(7.48,4.97)][(5.84,8.11)(1.63,7.59)][(5.02,2.96)(4.93,6.56)][(5.01,6.14)(4.08,7.73)][(3.17,8.44)(1.94,1.97)]
[(1.39,4.37)(3.56,1.74)][(5.42,2.55)(2.80,1.26)][(7.13,6.25)(7.61,4.68)][(6.34,8.14)(1.16,8.07)][(4.79,3.02)(4.89,6.18)][(5.47,5.73)(4.57,8.19)][(3.54,8.03)(1.62,1.62)]
[(1.48,4.73)(4.01,2.19)][(5.15,2.26)(2.31,1.42)][(6.96,6.13)(7.11,5.18)][(6.84,7.99)(1.46,7.76)][(5.10,2.63)(4.39,6.32)][(5.94,5.89)(5.06,7.96)][(4.04,8.50)(1.29,1.23)]
[(1.59,4.67)(3.86,1.92)][(5.54,2.25)(2.01,1.70)][(6.48,6.29)(7.61,4.78)][(7.18,7.98)(1.23,7.33)][(4.61,2.96)(4.82,6.39)][(6.37,6.32)(4.56,7.80)][(4.19,8.21)(1.27,1.70)]
[(1.75,4.20)(4.36,2.20)][(5.94,2.36)(2.38,1.22)][(6.21,6.50)(7.19,4.28)][(7.58,7.85)(1.37,7.57)][(4.27,2.94)(5.27,6.73)][(6.86,6.79)(4.76,7.62)][(4.64,8.67)(1.45,2.19)]
[(2.18,4.43)(4.68,2.16)][(6.44,2.57)(1.96,1.02)][(6.70,6.61)(7.62,4.78)][(7.18,8.32)(1.00,7.72)][(4.57,2.62)(5.65,6.84)][(6.36,6.31)(4.35,7.98)][(4.19,8.63)(1.60,1.96)]
[(1.72,4.29)(4.31,1.95)][(5.95,3.07)(2.17,1.45)][(7.20,6.20)(7.15,4.43)][(6.70,8.81)(1.46,7.22)][(4.78,2.22)(6.13,6.34)][(6.13,6.76)(3.87,7.82)][(3.97,8.87)(1.77,1.47)]
[(1.48,3.79)(4.20,1.50)][(6.36,2.81)(2.02,1.33)][(6.95,5.75)(6.69,3.96)][(6.81,8.74)(1.80,7.11)][(5.14,2.53)(5.87,6.80)][(6.23,7.12)(3.97,8.18)][(3.64,9.11)(2.22,1.77)]
[(1.97,3.35)(4.56,1.99)][(6.55,3.22)(1.54,1.74)][(7.14,6.04)(6.35,4.03)][(6.61,9.21)(1.65,7.11)][(4.65,2.96)(6.07,6.99)][(6.71,7.04)(3.74,8.31)][(3.38,9.60)(2.61,2.24)]
[(1.48,3.79)(4.75,2.47)][(7.02,3.15)(1.94,1.72)][(7.16,5.56)(6.47,3.54)][(6.44,9.64)(1.33,7.26)][(4.81,3.46)(5.84,6.51)][(6.84,6.65)(4.09,7.82)][(3.78,9.24)(2.20,1.78)]
[(1.88,4.28)(4.26,2.14)][(6.55,3.06)(1.58,2.20)][(7.26,5.90)(6.91,4.00)][(6.42,9.64)(1.81,7.12)][(4.82,3.72)(6.00,6.96)][(6.42,6.47)(3.61,8.03)][(4.28,8.74)(2.26,2.05)]
[(2.31,3.85)(4.25,2.38)][(6.38,2.72)(1.42,1.71)][(7.76,5.40)(7.19,3.63)][(6.75,9.28)(1.38,7.57)][(5.29,4.10)(6.46,7.45)][(5.97,6.96)(4.09,8.46)][(4.67,8.26)(2.22,1.57)]
[(2.73,3.83)(3.84,2.76)][(5.88,2.22)(1.77,2.05)][(7.27,5.80)(7.62,4.10)][(7.05,9.00)(1.83,7.08)][(5.77,3.76)(6.66,7.17)][(5.62,6.46)(3.86,8.79)][(4.64,7.92)(2.49,1.94)]
[(2.78,3.34)(3.82,3.16)][(5.43,1.77)(2.26,1.68)][(7.41,5.57)(7.58,4.24)][(6.75,8.50)(1.69,7.17)][(6.00,3.27)(6.47,7.32)][(5.51,6.03)(3.87,8.92)][(4.76,8.31)(2.13,2.17)]
[(3.20,3.06)(4.21,3.62)][(5.00,1.59)(2.62,1.81)][(6.91,5.72)(7.12,4.04)][(6.90,8.19)(2.07,7.65)][(6.09,3.71)(6.66,7.39)][(5.87,5.62)(3.50,8.71)][(4.70,7.81)(2.51,2.44)]
[(3.21,3.00)(4.09,3.51)][(4.51,1.37)(2.81,2.11)][(6.41,5.77)(7.37,4.53)][(7.16,8.41)(2.57,8.14)][(6.46,3.62)(6.30,7.48)][(5.43,5.17)(3.97,9.11)][(4.80,7.78)(2.95,2.93)]
[(3.70,2.88)(3.83,3.22)][(4.94,1.56)(2.69,2.44)][(6.83,5.35)(7.87,4.70)][(7.44,8.88)(3.06,7.66)][(6.16,3.74)(6.13,7.32)][(5.34,5.49)(3.47,8.73)][(4.48,8.13)(3.23,2.55)]
[(4.07,2.48)(4.30,3.17)][(4.46,1.87)(2.71,2.29)][(6.77,5.11)(7.82,5.13)][(7.91,8.39)(3.17,7.24)][(6.63,3.36)(5.65,7.29)][(5.15,5.33)(3.09,9.19)][(4.02,8.44)(2.75,2.92)]
[(3.92,2.97)(3.80,3.34)][(3.96,2.27)(2.32,1.83)][(7.26,5.61)(8.31,4.78)][(7.48,8.17)(3.66,7.41)][(6.26,3.00)(5.60,6.96)][(5.17,5.43)(3.03,8.92)][(3.65,8.62)(2.40,3.06)]
[(4.30,2.58)(4.00,2.98)][(3.53,2.70)(1.83,1.34)][(7.47,5.82)(8.44,4.33)][(7.52,8.01)(4.15,7.91)][(5.78,3.42)(5.53,7.27)][(5.26,5.51)(3.00,9.34)][(3.77,8.81)(2.90,3.43)]
[(4.31,2.67)(3.81,2.66)][(4.00,2.51)(1.95,1.83)][(7.91,5.32)(8.45,4.60)][(7.12,8.11)(3.90,7.69)][(6.13,3.07)(6.01,7.75)][(5.45,5.06)(2.67,9.64)][(4.16,8.89)(3.39,2.94)]
[(4.80,2.77)(3.32,2.30)][(3.96,2.71)(1.90,1.33)][(7.57,5.20)(7.96,4.14)][(7.36,8.17)(4.35,8.12)][(5.81,3.51)(5.57,7.46)][(5.91,4.84)(2.18,9.71)][(3.74,9.38)(3.74,2.94)]
[(5.29,2.56)(3.73,2.55)][(4.36,2.98)(2.29,1.35)][(8.04,5.36)(7.62,4.33)][(7.30,7.76)(3.96,7.72)][(5.47,3.02)(5.08,7.52)][(5.58,5.04)(2.68,9.96)][(4.23,9.18)(3.51,2.66)]
[(5.72,2.55)(3.48,2.38)][(3.95,3.29)(1.88,1.84)][(8.48,5.65)(7.75,4.39)][(7.03,7.31)(3.49,8.01)][(5.40,2.92)(4.86,7.78)][(5.79,4.80)(2.53,9.71)][(3.74,9.35)(3.58,2.67)]
[(5.98,2.31)(3.82,2.47)][(3.77,2.93)(1.75,2.07)][(8.94,5.28)(8.21,4.88)][(7.29,7.79)(3.22,7.84)][(5.88,2.47)(4.80,7.85)][(6.15,4.31)(2.62,9.68)][(4.15,8.92)(4.05,3.00)]
[(5.98,2.47)(4.19,2.66)][(4.21,2.44)(2.21,1.59)][(8.58,4.82)(7.95,5.38)][(7.78,8.28)(2.73,8.29)][(6.22,2.94)(5.21,7.71)][(5.82,3.88)(2.96,9.99)][(4.65,8.50)(4.13,2.80)]
[(5.48,2.31)(4.53,3.13)][(4.68,2.91)(2.69,2.07)][(9.08,4.74)(7.48,5.07)][(7.31,7.79)(2.60,8.54)][(6.67,2.87)(4.71,7.86)][(6.31,4.36)(3.36,9.70)][(4.15,8.38)(4.58,2.30)]
[(5.52,1.89)(4.76,2.84)][(4.18,3.17)(2.37,2.32)][(8.58,5.23)(7.78,4.89)][(7.09,7.64)(3.10,8.57)][(6.65,2.92)(4.56,7.59)][(6.69,4.36)(3.79,9.95)][(3.69,8.55)(4.18,2.46)]
[(5.47,2.21)(4.27,2.83)][(4.68,3.52)(2.38,1.98)][(9.07,5.29)(8.19,4.95)][(7.29,7.49)(2.87,9.03)][(6.16,2.89)(4.15,7.18)][(6.22,4.86)(3.45,9.87)][(3.30,9.03)(3.80,2.94)]
[(4.99,1.75)(3.90,2.44)][(4.21,3.06)(2.69,2.28)][(9.49,5.79)(8.56,4.48)][(6.98,7.67)(2.67,9.03)][(6.25,2.41)(4.41,7.47)][(6.67,5.09)(2.96,9.69)][(3.52,9.52)(3.83,3.08)]
[(4.92,2.16)(4.39,2.48)][(4.44,2.97)(2.72,2.75)][(9.12,6.17)(9.05,4.12)][(6.63,7.34)(2.71,9.45)][(6.72,2.05)(4.56,7.87)][(6.48,4.86)(3.37,9.47)][(3.57,9.39)(3.68,3.54)]
[(4.43,1.72)(4.06,2.49)][(4.56,3.45)(3.19,2.25)][(8.85,6.34)(8.55,3.67)][(6.46,6.94)(3.19,8.99)][(7.22,2.47)(5.04,7.68)][(6.38,5.28)(2.87,9.46)][(3.99,9.85)(3.88,3.95)]
[(4.91,1.30)(4.35,2.31)][(4.88,3.87)(2.77,2.05)][(8.74,5.88)(8.79,3.95)][(6.73,6.45)(2.78,8.98)][(7.05,2.60)(5.54,8.10)][(6.73,4.80)(3.36,9.51)][(3.50,9.84)(4.37,3.79)]
[(4.52,1.13)(4.77,2.75)][(5.32,3.58)(2.80,1.77)][(8.82,6.01)(9.25,4.41)][(6.23,6.12)(2.51,9.04)][(6.58,2.16)(5.95,7.60)][(6.51,4.45)(3.29,9.83)][(3.92,9.34)(4.37,3.79)]
[(4.57,1.62)(4.89,2.27)][(5.31,3.64)(3.13,1.37)][(8.42,6.13)(9.75,4.41)][(6.71,6.15)(2.06,8.54)][(7.00,2.13)(6.27,7.10)][(6.60,3.98)(3.46,9.76)][(3.77,9.70)(4.78,3.43)]
[(4.49,1.80)(5.38,2.54)][(4.90,3.56)(3.45,1.87)][(8.86,5.79)(9.49,4.58)][(6.37,5.65)(1.79,9.02)][(7.50,1.67)(5.78,7.42)][(6.73,4.44)(3.94,9.65)][(4.09,9.87)(4.96,2.93)]
[(4.00,1.32)(5.69,2.69)][(5.30,3.97)(2.97,1.71)][(8.77,6.09)(9.97,5.08)][(6.14,5.16)(1.33,8.64)][(7.03,1.45)(6.27,6.93)][(6.91,4.66)(3.78,9.23)][(3.59,9.90)(5.45,3.40)]
[(3.86,1.82)(5.24,2.55)][(5.48,4.39)(2.94,2.19)][(8.60,6.59)(9.59,5.58)][(6.64,5.27)(1.11,8.51)][(7.28,1.27)(6.63,6.43)][(6.78,5.15)(4.27,9.73)][(3.98,9.81)(4.98,3.35)]
[(4.34,2.27)(4.84,2.68)][(5.59,4.11)(3.38,2.62)][(8.10,6.18)(9.38,6.07)][(7.02,5.68)(1.52,9.01)][(7.68,1.08)(7.04,6.32)][(7.14,4.75)(4.54,9.26)][(3.50,9.33)(5.38,3.84)]
[(4.67,2.60)(5.02,3.07)][(5.72,4.31)(3.49,2.13)][(7.68,5.91)(9.14,5.63)][(7.50,5.36)(1.91,9.48)][(8.14,1.36)(6.54,6.59)][(7.60,5.13)(4.78,9.72)][(3.13,9.06)(5.82,4.27)]
[(4.44,2.37)(5.52,2.71)][(5.60,4.01)(3.79,2.62)][(7.29,5.62)(9.53,5.64)][(7.11,4.98)(2.15,9.97)][(7.65,1.40)(6.49,6.50)][(7.90,4.65)(5.27,9.99)][(3.07,9.27)(5.35,4.50)]
[(4.02,2.37)(6.01,3.11)][(5.44,3.90)(3.45,3.11)][(7.12,5.19)(9.54,5.34)][(7.43,4.50)(2.62,9.54)][(7.98,1.61)(6.97,6.60)][(7.95,4.32)(4.96,9.85)][(2.58,9.07)(5.18,4.97)]
[(3.97,2.09)(5.92,2.62)][(5.39,3.91)(3.56,2.90)][(7.19,5.30)(9.73,5.02)][(7.53,5.00)(2.66,9.25)][(8.45,1.24)(6.65,6.42)][(8.20,4.66)(4.78,9.48)][(2.57,9.56)(4.92,4.49)]
[(3.59,1.65)(5.45,3.00)][(5.89,4.29)(3.97,2.49)][(6.71,5.35)(9.60,5.05)][(7.84,4.81)(3.01,8.86)][(8.92,1.72)(7.15,6.16)][(8.22,4.71)(5.16,9.67)][(2.85,9.21)(4.99,4.08)]
[(3.46,1.60)(5.11,2.50)][(6.35,4.00)(3.93,2.46)][(6.88,5.75)(9.20,5.26)][(7.34,4.31)(3.31,8.55)][(9.41,2.22)(6.66,6.62)][(7.96,5.19)(5.10,9.95)][(3.28,9.55)(5.48,3.67)]
[(3.87,1.86)(4.87,2.75)][(6.03,3.51)(3.47,1.98)][(7.37,5.79)(9.04,5.72)][(7.80,4.15)(3.19,8.06)][(9.04,1.72)(6.81,6.29)][(8.15,5.65)(4.73,9.46)][(2.92,9.29)(5.92,4.12)]
[(3.50,1.79)(5.37,2.77)][(5.88,3.12)(2.99,1.48)][(7.04,6.05)(8.94,6.10)][(8.27,3.68)(3.49,7.56)][(8.74,2.06)(6.83,6.18)][(8.44,5.17)(5.00,9.29)][(3.27,8.93)(5.43,4.42)]
[(3.27,1.51)(4.91,2.67)][(6.07,2.63)(3.18,1.32)][(6.65,5.60)(9.12,6.60)][(8.62,3.19)(3.01,7.97)][(8.90,2.33)(6.55,5.71)][(8.02,4.83)(4.51,9.51)][(3.46,8.43)(5.06,3.93)]
[(2.87,1.86)(5.37,2.72)][(5.77,2.14)(3.48,1.67)][(6.17,6.02)(8.64,7.10)][(8.16,3.35)(3.27,7.63)][(8.45,1.83)(6.51,5.24)][(8.36,4.59)(5.00,9.04)][(3.84,8.36)(5.54,3.43)]
[(3.20,2.26)(5.20,2.39)][(5.36,1.93)(3.95,1.77)][(5.89,5.61)(8.15,6.62)][(7.66,3.77)(3.18,7.91)][(8.12,2.30)(6.33,4.97)][(7.86,4.65)(5.03,8.62)][(4.29,8.82)(5.71,3.02)]
[(3.68,2.53)(5.44,2.79)][(5.63,2.27)(4.30,1.32)][(6.24,6.11)(8.60,7.11)][(7.29,4.21)(2.77,7.45)][(7.66,1.82)(6.77,4.53)][(7.73,4.29)(5.37,8.35)][(3.91,8.32)(6.20,2.58)]
[(3.25,2.19)(5.91,3.13)][(6.12,2.65)(4.79,1.24)][(6.32,6.57)(8.73,6.86)][(7.46,3.88)(3.26,7.36)][(7.26,2.20)(6.57,4.15)][(7.23,3.85)(5.87,8.63)][(3.44,8.42)(6.66,2.12)]
[(3.01,1.84)(5.79,3.48)][(5.95,3.14)(4.48,1.06)][(6.05,6.67)(8.64,6.36)][(7.04,3.81)(2.76,7.03)][(6.89,2.47)(6.10,4.41)][(6.79,4.35)(5.38,9.01)][(3.50,8.47)(6.24,1.97)]
[(3.45,1.46)(5.43,3.97)][(6.13,2.75)(4.83,1.22)][(6.41,6.74)(8.16,6.79)][(7.41,3.32)(3.21,6.74)][(6.72,2.44)(5.83,4.88)][(7.21,4.21)(5.64,8.88)][(3.03,8.88)(6.02,1.47)]
[(3.87,1.64)(5.91,3.66)][(5.64,2.46)(4.40,1.38)][(6.11,7.06)(8.05,6.32)][(7.75,3.81)(2.76,7.23)][(7.21,2.85)(5.45,5.38)][(7.36,4.35)(5.35,8.50)][(3.26,8.82)(6.13,1.96)]
[(3.91,1.17)(6.35,3.90)][(5.14,1.96)(4.17,1.33)][(6.12,7.28)(8.16,5.93)][(7.64,3.32)(3.24,7.36)][(6.72,2.66)(5.95,4.93)][(7.51,3.85)(4.89,8.56)][(3.61,9.25)(5.63,2.39)]
[(3.93,1.44)(5.90,3.86)][(4.67,1.83)(3.87,1.81)][(5.70,6.80)(7.69,6.02)][(7.92,3.59)(3.70,7.23)][(6.78,2.70)(5.94,4.45)][(7.82,4.34)(5.21,8.47)][(3.64,8.94)(6.13,2.85)]
[(4.43,1.73)(5.77,3.43)][(5.06,1.69)(4.35,1.88)][(5.79,6.54)(7.72,5.59)][(8.22,3.30)(3.46,6.87)][(6.36,2.42)(6.42,4.04)][(7.33,4.04)(4.95,8.83)][(3.79,8.89)(5.63,2.63)]
[(4.93,2.10)(5.84,3.24)][(4.74,1.83)(4.01,1.76)][(5.57,6.11)(7.22,6.09)][(7.76,3.80)(3.78,7.31)][(6.63,2.20)(6.92,4.10)][(7.79,4.27)(5.29,9.04)][(3.66,8.41)(5.59,2.89)]
[(5.37,1.61)(5.35,3.73)][(4.29,2.31)(4.38,2.05)][(5.70,6.16)(7.48,6.32)][(8.04,3.31)(3.50,6.84)][(6.35,2.46)(6.96,3.81)][(7.32,4.64)(4.81,8.54)][(3.68,8.01)(5.87,2.42)]
[(5.85,1.17)(5.33,3.59)][(4.45,2.07)(4.81,2.47)][(5.79,6.62)(7.84,5.99)][(7.72,3.81)(3.36,6.52)][(5.86,2.06)(6.65,4.25)][(7.82,5.12)(5.25,9.00)][(4.16,8.37)(5.50,1.93)]
