0
7
[(24.00,22.00)(1.00,1.00)][(26.00,22.00)(2.00,1.00)][(28.00,22.00)(3.00,1.00)][(30.00,22.00)(4.00,1.00)][(32.00,22.00)(5.00,1.00)][(34.00,22.00)(6.00,1.00)][(36.00,22.00)(7.00,1.00)]
[(24.00,22.00)(1.00,1.00)][(26.00,22.00)(2.00,1.00)][(28.00,22.00)(3.00,1.00)][(30.00,22.00)(4.00,1.00)][(32.00,22.00)(5.00,1.00)][(34.00,22.00)(6.00,1.00)][(36.00,22.00)(7.00,1.00)]
[(24.00,22.00)(1.00,1.00)][(26.00,22.00)(2.00,1.00)][(28.00,22.00)(3.00,1.00)][(30.00,22.00)(4.00,1.00)][(32.00,22.00)(5.00,1.00)][(34.00,22.00)(6.00,1.00)][(36.00,22.00)(7.00,1.00)]
[(24.00,22.00)(1.00,1.00)][(26.00,22.00)(2.00,1.00)][(28.00,22.00)(3.00,1.00)][(30.00,22.00)(4.00,1.00)][(32.00,22.00)(5.00,1.00)][(34.00,22.00)(6.00,1.00)][(36.00,22.00)(7.00,1.00)]
[(24.00,22.00)(1.00,1.00)][(26.00,22.00)(2.00,1.00)][(28.00,22.00)(3.00,1.00)][(30.00,22.00)(4.00,1.00)][(32.00,22.00)(5.00,1.00)][(34.00,22.00)(6.00,1.00)][(36.00,22.00)(7.00,1.00)]
[(24.00,22.00)(1.00,1.00)][(26.00,22.00)(2.00,1.00)][(28.00,22.00)(3.00,1.00)][(30.00,22.00)(4.00,1.00)][(32.00,22.00)(5.00,1.00)][(34.00,22.00)(6.00,1.00)][(36.00,22.00)(7.00,1.00)]
[(24.00,22.00)(1.00,1.00)][(26.00,22.00)(2.00,1.00)][(28.00,22.00)(3.00,1.00)][(30.00,22.00)(4.00,1.00)][(32.00,22.00)(5.00,1.00)][(34.00,22.00)(6.00,1.00)][(36.00,22.00)(7.00,1.00)]
[(24.00,22.00)(1.00,1.00)][(26.00,22.00)(2.00,1.00)][(28.00,22.00)(3.00,1.00)][(30.00,22.00)(4.00,1.00)][(32.00,22.00)(5.00,1.00)][(34.00,22.00)(6.00,1.00)][(36.00,22.00)(7.00,1.00)]
[(24.00,22.00)(1.00,1.00)][(26.00,22.00)(2.00,1.00)][(28.00,22.00)(3.00,1.00)][(30.00,22.00)(4.00,1.00)][(32.00,22.00)(5.00,1.00)][(34.00,22.00)(6.00,1.00)][(36.00,22.00)(7.00,1.00)]
[(24.00,22.00)(1.00,1.00)][(26.00,22.00)(2.00,1.00)][(28.00,22.00)(3.00,1.00)][(30.00,22.00)(4.00,1.00)][(32.00,22.00)(5.00,1.00)][(34.00,22.00)(6.00,1.00)][(36.00,22.00)(7.00,1.00)]
[(24.00,22.00)(4.00,20.00)][(26.00,22.00)(2.00,20.00)][(28.00,22.00)(3.00,1.00)][(30.00,22.00)(4.00,1.00)][(32.00,22.00)(5.00,1.00)][(34.00,22.00)(6.00,1.00)][(36.00,22.00)(7.00,1.00)]
[(24.00,22.00)(4.00,20.00)][(26.00,22.00)(2.00,20.00)][(28.00,22.00)(3.00,1.00)][(30.00,22.00)(4.00,1.00)][(32.00,22.00)(5.00,1.00)][(34.00,22.00)(6.00,1.00)][(36.00,22.00)(7.00,1.00)]
[(24.00,22.00)(4.00,20.00)][(26.00,22.00)(2.00,20.00)][(28.00,22.00)(3.00,1.00)][(30.00,22.00)(4.00,1.00)][(32.00,22.00)(5.00,1.00)][(34.00,22.00)(6.00,1.00)][(36.00,22.00)(7.00,1.00)]
[(24.00,22.00)(4.00,20.00)][(26.00,22.00)(2.00,20.00)][(28.00,22.00)(3.00,1.00)][(30.00,22.00)(4.00,1.00)][(32.00,22.00)(5.00,1.00)][(34.00,22.00)(6.00,1.00)][(36.00,22.00)(7.00,1.00)]
[(24.00,22.00)(4.00,20.00)][(26.00,22.00)(2.00,20.00)][(28.00,22.00)(3.00,1.00)][(30.00,22.00)(4.00,1.00)][(32.00,22.00)(5.00,1.00)][(34.00,22.00)(6.00,1.00)][(36.00,22.00)(7.00,1.00)]
[(24.00,22.00)(4.00,20.00)][(26.00,22.00)(2.00,20.00)][(28.00,22.00)(3.00,1.00)][(30.00,22.00)(4.00,1.00)][(32.00,22.00)(5.00,1.00)][(34.00,22.00)(6.00,1.00)][(36.00,22.00)(7.00,1.00)]
[(24.00,22.00)(4.00,20.00)][(26.00,22.00)(2.00,20.00)][(28.00,22.00)(3.00,1.00)][(30.00,22.00)(4.00,1.00)][(32.00,22.00)(5.00,1.00)][(34.00,22.00)(6.00,1.00)][(36.00,22.00)(7.00,1.00)]
[(24.00,22.00)(4.00,20.00)][(26.00,22.00)(2.00,20.00)][(28.00,22.00)(3.00,1.00)][(30.00,22.00)(4.00,1.00)][(32.00,22.00)(5.00,1.00)][(34.00,22.00)(6.00,1.00)][(36.00,22.00)(7.00,1.00)]
[(24.00,22.00)(4.00,20.00)][(26.00,22.00)(2.00,20.00)][(28.00,22.00)(3.00,1.00)][(30.00,22.00)(4.00,1.00)][(32.00,22.00)(5.00,1.00)][(34.00,22.00)(6.00,1.00)][(36.00,22.00)(7.00,1.00)]
[(24.00,22.00)(4.00,20.00)][(26.00,22.00)(2.00,20.00)][(28.00,22.00)(3.00,1.00)][(30.00,22.00)(4.00,1.00)][(32.00,22.00)(5.00,1.00)][(34.00,22.00)(6.00,1.00)][(36.00,22.00)(7.00,1.00)]
[(24.00,22.00)(4.46,20.00)][(26.00,22.00)(2.46,20.00)][(28.00,22.00)(3.00,1.00)][(30.00,22.00)(4.00,1.00)][(32.00,22.00)(5.00,1.00)][(34.00,22.00)(6.00,1.00)][(36.00,22.00)(7.00,1.00)]
[(24.00,22.00)(4.92,20.00)][(26.00,22.00)(2.92,20.00)][(28.00,22.00)(3.00,1.00)][(30.00,22.00)(4.00,1.00)][(32.00,22.00)(5.00,1.00)][(34.00,22.00)(6.00,1.00)][(36.00,22.00)(7.00,1.00)]
[(24.00,22.00)(5.38,20.00)][(26.00,22.00)(3.38,20.00)][(28.00,22.00)(3.00,1.00)][(30.00,22.00)(4.00,1.00)][(32.00,22.00)(5.00,1.00)][(34.00,22.00)(6.00,1.00)][(36.00,22.00)(7.00,1.00)]
[(24.00,22.00)(5.84,20.00)][(26.00,22.00)(3.84,20.00)][(28.00,22.00)(3.00,1.00)][(30.00,22.00)(4.00,1.00)][(32.00,22.00)(5.00,1.00)][(34.00,22.00)(6.00,1.00)][(36.00,22.00)(7.00,1.00)]
[(24.00,22.00)(6.30,20.00)][(26.00,22.00)(4.30,20.00)][(28.00,22.00)(3.00,1.00)][(30.00,22.00)(4.00,1.00)][(32.00,22.00)(5.00,1.00)][(34.00,22.00)(6.00,1.00)][(36.00,22.00)(7.00,1.00)]
[(24.00,22.00)(6.76,20.00)][(26.00,22.00)(4.76,20.00)][(28.00,22.00)(3.00,1.00)][(30.00,22.00)(4.00,1.00)][(32.00,22.00)(5.00,1.00)][(34.00,22.00)(6.00,1.00)][(36.00,22.00)(7.00,1.00)]
[(24.00,22.00)(7.22,20.00)][(26.00,22.00)(5.22,20.00)][(28.00,22.00)(3.00,1.00)][(30.00,22.00)(4.00,1.00)][(32.00,22.00)(5.00,1.00)][(34.00,22.00)(6.00,1.00)][(36.00,22.00)(7.00,1.00)]
[(24.00,22.00)(7.68,20.00)][(26.00,22.00)(5.68,20.00)][(28.00,22.00)(3.00,1.00)][(30.00,22.00)(4.00,1.00)][(32.00,22.00)(5.00,1.00)][(34.00,22.00)(6.00,1.00)][(36.00,22.00)(7.00,1.00)]
[(24.00,22.00)(8.14,20.00)][(26.00,22.00)(6.14,20.00)][(28.00,22.00)(3.00,1.00)][(30.00,22.00)(4.00,1.00)][(32.00,22.00)(5.00,1.00)][(34.00,22.00)(6.00,1.00)][(36.00,22.00)(7.00,1.00)]
[(24.00,22.00)(8.60,20.00)][(26.00,22.00)(6.60,20.00)][(28.00,22.00)(3.00,1.00)][(30.00,22.00)(4.00,1.00)][(32.00,22.00)(5.00,1.00)][(34.00,22.00)(6.00,1.00)][(36.00,22.00)(7.00,1.00)]
[(24.00,22.00)(9.06,20.00)][(26.00,22.00)(7.06,20.00)][(28.00,22.00)(3.00,1.00)][(30.00,22.00)(4.00,1.00)][(32.00,22.00)(5.00,1.00)][(34.00,22.00)(6.00,1.00)][(36.00,22.00)(7.00,1.00)]
[(24.00,22.00)(9.52,20.00)][(26.00,22.00)(7.52,20.00)][(28.00,22.00)(3.00,1.00)][(30.00,22.00)(4.00,1.00)][(32.00,22.00)(5.00,1.00)][(34.00,22.00)(6.00,1.00)][(36.00,22.00)(7.00,1.00)]
[(24.00,22.00)(9.98,20.00)][(26.00,22.00)(7.98,20.00)][(28.00,22.00)(3.00,1.00)][(30.00,22.00)(4.00,1.00)][(32.00,22.00)(5.00,1.00)][(34.00,22.00)(6.00,1.00)][(36.00,22.00)(7.00,1.00)]
[(24.00,22.00)(10.44,20.00)][(26.00,22.00)(8.44,20.00)][(28.00,22.00)(3.00,1.00)][(30.00,22.00)(4.00,1.00)][(32.00,22.00)(5.00,1.00)][(34.00,22.00)(6.00,1.00)][(36.00,22.00)(7.00,1.00)]
[(24.00,22.00)(10.90,20.00)][(26.00,22.00)(8.90,20.00)][(28.00,22.00)(3.00,1.00)][(30.00,22.00)(4.00,1.00)][(32.00,22.00)(5.00,1.00)][(34.00,22.00)(6.00,1.00)][(36.00,22.00)(7.00,1.00)]
[(24.00,22.00)(11.36,20.00)][(26.00,22.00)(9.36,20.00)][(28.00,22.00)(3.00,1.00)][(30.00,22.00)(4.00,1.00)][(32.00,22.00)(5.00,1.00)][(34.00,22.00)(6.00,1.00)][(36.00,22.00)(7.00,1.00)]
[(24.00,22.00)(11.82,20.00)][(26.00,22.00)(9.82,20.00)][(28.00,22.00)(3.00,1.00)][(30.00,22.00)(4.00,1.00)][(32.00,22.00)(5.00,1.00)][(34.00,22.00)(6.00,1.00)][(36.00,22.00)(7.00,1.00)]
[(24.00,22.00)(12.28,20.00)][(26.00,22.00)(10.28,20.00)][(28.00,22.00)(3.00,1.00)][(30.00,22.00)(4.00,1.00)][(32.00,22.00)(5.00,1.00)][(34.00,22.00)(6.00,1.00)][(36.00,22.00)(7.00,1.00)]
[(24.00,22.00)(12.74,20.00)][(26.00,22.00)(10.74,20.00)][(28.00,22.00)(3.00,1.00)][(30.00,22.00)(4.00,1.00)][(32.00,22.00)(5.00,1.00)][(34.00,22.00)(6.00,1.00)][(36.00,22.00)(7.00,1.00)]
[(24.00,22.00)(13.20,20.00)][(26.00,22.00)(11.20,20.00)][(28.00,22.00)(3.00,1.00)][(30.00,22.00)(4.00,1.00)][(32.00,22.00)(5.00,1.00)][(34.00,22.00)(6.00,1.00)][(36.00,22.00)(7.00,1.00)]
[(24.00,22.00)(13.66,20.00)][(26.00,22.00)(11.66,20.00)][(28.00,22.00)(3.00,1.00)][(30.00,22.00)(4.00,1.00)][(32.00,22.00)(5.00,1.00)][(34.00,22.00)(6.00,1.00)][(36.00,22.00)(7.00,1.00)]
[(24.00,22.00)(14.12,20.00)][(26.00,22.00)(12.12,20.00)][(28.00,22.00)(3.00,1.00)][(30.00,22.00)(4.00,1.00)][(32.00,22.00)(5.00,1.00)][(34.00,22.00)(6.00,1.00)][(36.00,22.00)(7.00,1.00)]
[(24.00,22.00)(14.58,20.00)][(26.00,22.00)(12.58,20.00)][(28.00,22.00)(3.00,1.00)][(30.00,22.00)(4.00,1.00)][(32.00,22.00)(5.00,1.00)][(34.00,22.00)(6.00,1.00)][(36.00,22.00)(7.00,1.00)]
[(24.00,22.00)(15.04,20.00)][(26.00,22.00)(13.04,20.00)][(28.00,22.00)(3.00,1.00)][(30.00,22.00)(4.00,1.00)][(32.00,22.00)(5.00,1.00)][(34.00,22.00)(6.00,1.00)][(36.00,22.00)(7.00,1.00)]
[(24.00,22.00)(15.50,20.00)][(26.00,22.00)(13.50,20.00)][(28.00,22.00)(3.00,1.00)][(30.00,22.00)(4.00,1.00)][(32.00,22.00)(5.00,1.00)][(34.00,22.00)(6.00,1.00)][(36.00,22.00)(7.00,1.00)]
[(24.00,22.00)(15.96,20.00)][(26.00,22.00)(13.96,20.00)][(28.00,22.00)(3.00,1.00)][(30.00,22.00)(4.00,1.00)][(32.00,22.00)(5.00,1.00)][(34.00,22.00)(6.00,1.00)][(36.00,22.00)(7.00,1.00)]
[(24.00,22.00)(16.42,20.00)][(26.00,22.00)(14.42,20.00)][(28.00,22.00)(3.00,1.00)][(30.00,22.00)(4.00,1.00)][(32.00,22.00)(5.00,1.00)][(34.00,22.00)(6.00,1.00)][(36.00,22.00)(7.00,1.00)]
[(24.00,22.00)(16.88,20.00)][(26.00,22.00)(14.88,20.00)][(28.00,22.00)(3.00,1.00)][(30.00,22.00)(4.00,1.00)][(32.00,22.00)(5.00,1.00)][(34.00,22.00)(6.00,1.00)][(36.00,22.00)(7.00,1.00)]
[(24.00,22.00)(17.34,20.00)][(26.00,22.00)(15.34,20.00)][(28.00,22.00)(3.00,1.00)][(30.00,22.00)(4.00,1.00)][(32.00,22.00)(5.00,1.00)][(34.00,22.00)(6.00,1.00)][(36.00,22.00)(7.00,1.00)]
[(24.00,22.00)(17.80,20.00)][(26.00,22.00)(15.80,20.00)][(28.00,22.00)(3.00,1.00)][(30.00,22.00)(4.00,1.00)][(32.00,22.00)(5.00,1.00)][(34.00,22.00)(6.00,1.00)][(36.00,22.00)(7.00,1.00)]
[(24.00,22.00)(18.26,20.00)][(26.00,22.00)(16.26,20.00)][(28.00,22.00)(3.00,1.00)][(30.00,22.00)(4.00,1.00)][(32.00,22.00)(5.00,1.00)][(34.00,22.00)(6.00,1.00)][(36.00,22.00)(7.00,1.00)]
[(24.00,22.00)(18.72,20.00)][(26.00,22.00)(16.72,20.00)][(28.00,22.00)(3.00,1.00)][(30.00,22.00)(4.00,1.00)][(32.00,22.00)(5.00,1.00)][(34.00,22.00)(6.00,1.00)][(36.00,22.00)(7.00,1.00)]
[(24.00,22.00)(19.18,20.00)][(26.00,22.00)(17.18,20.00)][(28.00,22.00)(3.00,1.00)][(30.00,22.00)(4.00,1.00)][(32.00,22.00)(5.00,1.00)][(34.00,22.00)(6.00,1.00)][(36.00,22.00)(7.00,1.00)]
[(24.00,22.00)(19.64,20.00)][(26.00,22.00)(17.64,20.00)][(28.00,22.00)(3.00,1.00)][(30.00,22.00)(4.00,1.00)][(32.00,22.00)(5.00,1.00)][(34.00,22.00)(6.00,1.00)][(36.00,22.00)(7.00,1.00)]
[(24.00,22.00)(20.10,20.00)][(26.00,22.00)(18.10,20.00)][(28.00,22.00)(3.00,1.00)][(30.00,22.00)(4.00,1.00)][(32.00,22.00)(5.00,1.00)][(34.00,22.00)(6.00,1.00)][(36.00,22.00)(7.00,1.00)]
[(24.00,22.00)(20.56,20.00)][(26.00,22.00)(18.56,20.00)][(28.00,22.00)(3.00,1.00)][(30.00,22.00)(4.00,1.00)][(32.00,22.00)(5.00,1.00)][(34.00,22.00)(6.00,1.00)][(36.00,22.00)(7.00,1.00)]
[(24.00,22.00)(21.02,20.00)][(26.00,22.00)(19.02,20.00)][(28.00,22.00)(3.00,1.00)][(30.00,22.00)(4.00,1.00)][(32.00,22.00)(5.00,1.00)][(34.00,22.00)(6.00,1.00)][(36.00,22.00)(7.00,1.00)]
[(24.00,22.00)(21.48,20.00)][(26.00,22.00)(19.48,20.00)][(28.00,22.00)(3.00,1.00)][(30.00,22.00)(4.00,1.00)][(32.00,22.00)(5.00,1.00)][(34.00,22.00)(6.00,1.00)][(36.00,22.00)(7.00,1.00)]
[(24.00,22.00)(21.94,20.00)][(26.00,22.00)(19.94,20.00)][(28.00,22.00)(3.00,1.00)][(30.00,22.00)(4.00,1.00)][(32.00,22.00)(5.00,1.00)][(34.00,22.00)(6.00,1.00)][(36.00,22.00)(7.00,1.00)]
[(24.00,22.00)(22.40,20.00)][(26.00,22.00)(20.40,20.00)][(28.00,22.00)(3.00,1.00)][(30.00,22.00)(4.00,1.00)][(32.00,22.00)(5.00,1.00)][(34.00,22.00)(6.00,1.00)][(36.00,22.00)(7.00,1.00)]
[(24.00,22.00)(22.86,20.00)][(26.00,22.00)(20.86,20.00)][(28.00,22.00)(3.00,1.00)][(30.00,22.00)(4.00,1.00)][(32.00,22.00)(5.00,1.00)][(34.00,22.00)(6.00,1.00)][(36.00,22.00)(7.00,1.00)]
[(24.00,22.00)(23.32,20.00)][(26.00,22.00)(21.32,20.00)][(28.00,22.00)(3.00,1.00)][(30.00,22.00)(4.00,1.00)][(32.00,22.00)(5.00,1.00)][(34.00,22.00)(6.00,1.00)][(36.00,22.00)(7.00,1.00)]
[(24.00,22.00)(23.78,20.00)][(26.00,22.00)(21.78,20.00)][(28.00,22.00)(3.00,1.00)][(30.00,22.00)(4.00,1.00)][(32.00,22.00)(5.00,1.00)][(34.00,22.00)(6.00,1.00)][(36.00,22.00)(7.00,1.00)]
[(24.00,22.00)(24.24,20.00)][(26.00,22.00)(22.24,20.00)][(28.00,22.00)(3.00,1.00)][(30.00,22.00)(4.00,1.00)][(32.00,22.00)(5.00,1.00)][(34.00,22.00)(6.00,1.00)][(36.00,22.00)(7.00,1.00)]
[(24.00,22.00)(24.70,20.00)][(26.00,22.00)(22.70,20.00)][(28.00,22.00)(3.00,1.00)][(30.00,22.00)(4.00,1.00)][(32.00,22.00)(5.00,1.00)][(34.00,22.00)(6.00,1.00)][(36.00,22.00)(7.00,1.00)]
[(24.00,22.00)(25.16,20.00)][(26.00,22.00)(23.16,20.00)][(28.00,22.00)(3.00,1.00)][(30.00,22.00)(4.00,1.00)][(32.00,22.00)(5.00,1.00)][(34.00,22.00)(6.00,1.00)][(36.00,22.00)(7.00,1.00)]
[(24.00,22.00)(25.62,20.00)][(26.00,22.00)(23.62,20.00)][(28.00,22.00)(3.00,1.00)][(30.00,22.00)(4.00,1.00)][(32.00,22.00)(5.00,1.00)][(34.00,22.00)(6.00,1.00)][(36.00,22.00)(7.00,1.00)]
[(24.00,22.00)(26.08,20.00)][(26.00,22.00)(24.08,20.00)][(28.00,22.00)(3.00,1.00)][(30.00,22.00)(4.00,1.00)][(32.00,22.00)(5.00,1.00)][(34.00,22.00)(6.00,1.00)][(36.00,22.00)(7.00,1.00)]
[(24.00,22.00)(26.54,20.00)][(26.00,22.00)(24.54,20.00)][(28.00,22.00)(3.00,1.00)][(30.00,22.00)(4.00,1.00)][(32.00,22.00)(5.00,1.00)][(34.00,22.00)(6.00,1.00)][(36.00,22.00)(7.00,1.00)]
[(24.00,22.00)(27.00,20.00)][(26.00,22.00)(25.00,20.00)][(28.00,22.00)(3.00,1.00)][(30.00,22.00)(4.00,1.00)][(32.00,22.00)(5.00,1.00)][(34.00,22.00)(6.00,1.00)][(36.00,22.00)(7.00,1.00)]
[(24.00,22.00)(27.46,20.00)][(26.00,22.00)(25.46,20.00)][(28.00,22.00)(3.00,1.00)][(30.00,22.00)(4.00,1.00)][(32.00,22.00)(5.00,1.00)][(34.00,22.00)(6.00,1.00)][(36.00,22.00)(7.00,1.00)]
[(24.00,22.00)(27.92,20.00)][(26.00,22.00)(25.92,20.00)][(28.00,22.00)(3.00,1.00)][(30.00,22.00)(4.00,1.00)][(32.00,22.00)(5.00,1.00)][(34.00,22.00)(6.00,1.00)][(36.00,22.00)(7.00,1.00)]
[(24.00,22.00)(28.38,20.00)][(26.00,22.00)(26.38,20.00)][(28.00,22.00)(3.00,1.00)][(30.00,22.00)(4.00,1.00)][(32.00,22.00)(5.00,1.00)][(34.00,22.00)(6.00,1.00)][(36.00,22.00)(7.00,1.00)]
[(24.00,22.00)(28.84,20.00)][(26.00,22.00)(26.84,20.00)][(28.00,22.00)(3.00,1.00)][(30.00,22.00)(4.00,1.00)][(32.00,22.00)(5.00,1.00)][(34.00,22.00)(6.00,1.00)][(36.00,22.00)(7.00,1.00)]
[(24.00,22.00)(29.30,20.00)][(26.00,22.00)(27.30,20.00)][(28.00,22.00)(3.00,1.00)][(30.00,22.00)(4.00,1.00)][(32.00,22.00)(5.00,1.00)][(34.00,22.00)(6.00,1.00)][(36.00,22.00)(7.00,1.00)]
[(24.00,22.00)(29.76,20.00)][(26.00,22.00)(27.76,20.00)][(28.00,22.00)(3.00,1.00)][(30.00,22.00)(4.00,1.00)][(32.00,22.00)(5.00,1.00)][(34.00,22.00)(6.00,1.00)][(36.00,22.00)(7.00,1.00)]
[(24.00,22.00)(30.22,20.00)][(26.00,22.00)(28.22,20.00)][(28.00,22.00)(3.00,1.00)][(30.00,22.00)(4.00,1.00)][(32.00,22.00)(5.00,1.00)][(34.00,22.00)(6.00,1.00)][(36.00,22.00)(7.00,1.00)]
[(24.00,22.00)(30.68,20.00)][(26.00,22.00)(28.68,20.00)][(28.00,22.00)(3.00,1.00)][(30.00,22.00)(4.00,1.00)][(32.00,22.00)(5.00,1.00)][(34.00,22.00)(6.00,1.00)][(36.00,22.00)(7.00,1.00)]
[(24.00,22.00)(31.14,20.00)][(26.00,22.00)(29.14,20.00)][(28.00,22.00)(3.00,1.00)][(30.00,22.00)(4.00,1.00)][(32.00,22.00)(5.00,1.00)][(34.00,22.00)(6.00,1.00)][(36.00,22.00)(7.00,1.00)]
[(24.00,22.00)(31.60,20.00)][(26.00,22.00)(29.60,20.00)][(28.00,22.00)(3.00,1.00)][(30.00,22.00)(4.00,1.00)][(32.00,22.00)(5.00,1.00)][(34.00,22.00)(6.00,1.00)][(36.00,22.00)(7.00,1.00)]
[(24.00,22.00)(32.06,20.00)][(26.00,22.00)(30.06,20.00)][(28.00,22.00)(3.00,1.00)][(30.00,22.00)(4.00,1.00)][(32.00,22.00)(5.00,1.00)][(34.00,22.00)(6.00,1.00)][(36.00,22.00)(7.00,1.00)]
[(24.00,22.00)(32.52,20.00)][(26.00,22.00)(30.52,20.00)][(28.00,22.00)(3.00,1.00)][(30.00,22.00)(4.00,1.00)][(32.00,22.00)(5.00,1.00)][(34.00,22.00)(6.00,1.00)][(36.00,22.00)(7.00,1.00)]
[(24.00,22.00)(32.98,20.00)][(26.00,22.00)(30.98,20.00)][(28.00,22.00)(3.00,1.00)][(30.00,22.00)(4.00,1.00)][(32.00,22.00)(5.00,1.00)][(34.00,22.00)(6.00,1.00)][(36.00,22.00)(7.00,1.00)]
[(24.00,22.00)(33.44,20.00)][(26.00,22.00)(31.44,20.00)][(28.00,22.00)(3.00,1.00)][(30.00,22.00)(4.00,1.00)][(32.00,22.00)(5.00,1.00)][(34.00,22.00)(6.00,1.00)][(36.00,22.00)(7.00,1.00)]
[(24.00,22.00)(33.90,20.00)][(26.00,22.00)(31.90,20.00)][(28.00,22.00)(3.00,1.00)][(30.00,22.00)(4.00,1.00)][(32.00,22.00)(5.00,1.00)][(34.00,22.00)(6.00,1.00)][(36.00,22.00)(7.00,1.00)]
[(24.00,22.00)(34.36,20.00)][(26.00,22.00)(32.36,20.00)][(28.00,22.00)(3.00,1.00)][(30.00,22.00)(4.00,1.00)][(32.00,22.00)(5.00,1.00)][(34.00,22.00)(6.00,1.00)][(36.00,22.00)(7.00,1.00)]
[(24.00,22.00)(34.82,20.00)][(26.00,22.00)(32.82,20.00)][(28.00,22.00)(3.00,1.00)][(30.00,22.00)(4.00,1.00)][(32.00,22.00)(5.00,1.00)][(34.00,22.00)(6.00,1.00)][(36.00,22.00)(7.00,1.00)]
[(24.00,22.00)(35.28,20.00)][(26.00,22.00)(33.28,20.00)][(28.00,22.00)(3.00,1.00)][(30.00,22.00)(4.00,1.00)][(32.00,22.00)(5.00,1.00)][(34.00,22.00)(6.00,1.00)][(36.00,22.00)(7.00,1.00)]
[(24.00,22.00)(35.74,20.00)][(26.00,22.00)(33.74,20.00)][(28.00,22.00)(3.00,1.00)][(30.00,22.00)(4.00,1.00)][(32.00,22.00)(5.00,1.00)][(34.00,22.00)(6.00,1.00)][(36.00,22.00)(7.00,1.00)]
[(24.00,22.00)(36.20,20.00)][(26.00,22.00)(34.20,20.00)][(28.00,22.00)(3.00,1.00)][(30.00,22.00)(4.00,1.00)][(32.00,22.00)(5.00,1.00)][(34.00,22.00)(6.00,1.00)][(36.00,22.00)(7.00,1.00)]
[(24.00,22.00)(36.66,20.00)][(26.00,22.00)(34.66,20.00)][(28.00,22.00)(3.00,1.00)][(30.00,22.00)(4.00,1.00)][(32.00,22.00)(5.00,1.00)][(34.00,22.00)(6.00,1.00)][(36.00,22.00)(7.00,1.00)]
[(24.00,22.00)(37.12,20.00)][(26.00,22.00)(35.12,20.00)][(28.00,22.00)(3.00,1.00)][(30.00,22.00)(4.00,1.00)][(32.00,22.00)(5.00,1.00)][(34.00,22.00)(6.00,1.00)][(36.00,22.00)(7.00,1.00)]
[(24.00,22.00)(37.58,20.00)][(26.00,22.00)(35.58,20.00)][(28.00,22.00)(3.00,1.00)][(30.00,22.00)(4.00,1.00)][(32.00,22.00)(5.00,1.00)][(34.00,22.00)(6.00,1.00)][(36.00,22.00)(7.00,1.00)]
[(24.00,22.00)(38.04,20.00)][(26.00,22.00)(36.04,20.00)][(28.00,22.00)(3.00,1.00)][(30.00,22.00)(4.00,1.00)][(32.00,22.00)(5.00,1.00)][(34.00,22.00)(6.00,1.00)][(36.00,22.00)(7.00,1.00)]
[(24.00,22.00)(38.50,20.00)][(26.00,22.00)(36.50,20.00)][(28.00,22.00)(3.00,1.00)][(30.00,22.00)(4.00,1.00)][(32.00,22.00)(5.00,1.00)][(34.00,22.00)(6.00,1.00)][(36.00,22.00)(7.00,1.00)]
[(24.00,22.00)(38.96,20.00)][(26.00,22.00)(36.96,20.00)][(28.00,22.00)(3.00,1.00)][(30.00,22.00)(4.00,1.00)][(32.00,22.00)(5.00,1.00)][(34.00,22.00)(6.00,1.00)][(36.00,22.00)(7.00,1.00)]
[(24.00,22.00)(39.42,20.00)][(26.00,22.00)(37.42,20.00)][(28.00,22.00)(3.00,1.00)][(30.00,22.00)(4.00,1.00)][(32.00,22.00)(5.00,1.00)][(34.00,22.00)(6.00,1.00)][(36.00,22.00)(7.00,1.00)]
[(24.00,22.00)(39.88,20.00)][(26.00,22.00)(37.88,20.00)][(28.00,22.00)(3.00,1.00)][(30.00,22.00)(4.00,1.00)][(32.00,22.00)(5.00,1.00)][(34.00,22.00)(6.00,1.00)][(36.00,22.00)(7.00,1.00)]
[(24.00,22.00)(40.34,20.00)][(26.00,22.00)(38.34,20.00)][(28.00,22.00)(3.00,1.00)][(30.00,22.00)(4.00,1.00)][(32.00,22.00)(5.00,1.00)][(34.00,22.00)(6.00,1.00)][(36.00,22.00)(7.00,1.00)]
[(24.00,22.00)(40.80,20.00)][(26.00,22.00)(38.80,20.00)][(28.00,22.00)(3.00,1.00)][(30.00,22.00)(4.00,1.00)][(32.00,22.00)(5.00,1.00)][(34.00,22.00)(6.00,1.00)][(36.00,22.00)(7.00,1.00)]
[(24.00,22.00)(41.26,20.00)][(26.00,22.00)(39.26,20.00)][(28.00,22.00)(3.00,1.00)][(30.00,22.00)(4.00,1.00)][(32.00,22.00)(5.00,1.00)][(34.00,22.00)(6.00,1.00)][(36.00,22.00)(7.00,1.00)]
[(24.00,22.00)(41.72,20.00)][(26.00,22.00)(39.72,20.00)][(28.00,22.00)(3.00,1.00)][(30.00,22.00)(4.00,1.00)][(32.00,22.00)(5.00,1.00)][(34.00,22.00)(6.00,1.00)][(36.00,22.00)(7.00,1.00)]
[(24.00,22.00)(42.18,20.00)][(26.00,22.00)(40.18,20.00)][(28.00,22.00)(3.00,1.00)][(30.00,22.00)(4.00,1.00)][(32.00,22.00)(5.00,1.00)][(34.00,22.00)(6.00,1.00)][(36.00,22.00)(7.00,1.00)]
[(24.00,22.00)(42.64,20.00)][(26.00,22.00)(40.64,20.00)][(28.00,22.00)(3.00,1.00)][(30.00,22.00)(4.00,1.00)][(32.00,22.00)(5.00,1.00)][(34.00,22.00)(6.00,1.00)][(36.00,22.00)(7.00,1.00)]
[(24.00,22.00)(43.10,20.00)][(26.00,22.00)(41.10,20.00)][(28.00,22.00)(3.00,1.00)][(30.00,22.00)(4.00,1.00)][(32.00,22.00)(5.00,1.00)][(34.00,22.00)(6.00,1.00)][(36.00,22.00)(7.00,1.00)]
[(24.00,22.00)(43.56,20.00)][(26.00,22.00)(41.56,20.00)][(28.00,22.00)(3.00,1.00)][(30.00,22.00)(4.00,1.00)][(32.00,22.00)(5.00,1.00)][(34.00,22.00)(6.00,1.00)][(36.00,22.00)(7.00,1.00)]
[(24.00,22.00)(44.02,20.00)][(26.00,22.00)(42.02,20.00)][(28.00,22.00)(3.00,1.00)][(30.00,22.00)(4.00,1.00)][(32.00,22.00)(5.00,1.00)][(34.00,22.00)(6.00,1.00)][(36.00,22.00)(7.00,1.00)]
[(24.00,22.00)(44.48,20.00)][(26.00,22.00)(42.48,20.00)][(28.00,22.00)(3.00,1.00)][(30.00,22.00)(4.00,1.00)][(32.00,22.00)(5.00,1.00)][(34.00,22.00)(6.00,1.00)][(36.00,22.00)(7.00,1.00)]
[(24.00,22.00)(44.94,20.00)][(26.00,22.00)(42.94,20.00)][(28.00,22.00)(3.00,1.00)][(30.00,22.00)(4.00,1.00)][(32.00,22.00)(5.00,1.00)][(34.00,22.00)(6.00,1.00)][(36.00,22.00)(7.00,1.00)]
[(24.00,22.00)(45.40,20.00)][(26.00,22.00)(43.40,20.00)][(28.00,22.00)(3.00,1.00)][(30.00,22.00)(4.00,1.00)][(32.00,22.00)(5.00,1.00)][(34.00,22.00)(6.00,1.00)][(36.00,22.00)(7.00,1.00)]
[(24.00,22.00)(45.86,20.00)][(26.00,22.00)(43.86,20.00)][(28.00,22.00)(3.00,1.00)][(30.00,22.00)(4.00,1.00)][(32.00,22.00)(5.00,1.00)][(34.00,22.00)(6.00,1.00)][(36.00,22.00)(7.00,1.00)]
[(24.00,22.00)(46.32,20.00)][(26.00,22.00)(44.32,20.00)][(28.00,22.00)(3.00,1.00)][(30.00,22.00)(4.00,1.00)][(32.00,22.00)(5.00,1.00)][(34.00,22.00)(6.00,1.00)][(36.00,22.00)(7.00,1.00)]
[(24.00,22.00)(46.78,20.00)][(26.00,22.00)(44.78,20.00)][(28.00,22.00)(3.00,1.00)][(30.00,22.00)(4.00,1.00)][(32.00,22.00)(5.00,1.00)][(34.00,22.00)(6.00,1.00)][(36.00,22.00)(7.00,1.00)]
[(24.00,22.00)(47.24,20.00)][(26.00,22.00)(45.24,20.00)][(28.00,22.00)(3.00,1.00)][(30.00,22.00)(4.00,1.00)][(32.00,22.00)(5.00,1.00)][(34.00,22.00)(6.00,1.00)][(36.00,22.00)(7.00,1.00)]
[(24.00,22.00)(47.70,20.00)][(26.00,22.00)(45.70,20.00)][(28.00,22.00)(3.00,1.00)][(30.00,22.00)(4.00,1.00)][(32.00,22.00)(5.00,1.00)][(34.00,22.00)(6.00,1.00)][(36.00,22.00)(7.00,1.00)]
[(24.00,22.00)(48.16,20.00)][(26.00,22.00)(46.16,20.00)][(28.00,22.00)(3.00,1.00)][(30.00,22.00)(4.00,1.00)][(32.00,22.00)(5.00,1.00)][(34.00,22.00)(6.00,1.00)][(36.00,22.00)(7.00,1.00)]
[(24.00,22.00)(48.62,20.00)][(26.00,22.00)(46.62,20.00)][(28.00,22.00)(3.00,1.00)][(30.00,22.00)(4.00,1.00)][(32.00,22.00)(5.00,1.00)][(34.00,22.00)(6.00,1.00)][(36.00,22.00)(7.00,1.00)]
[(24.00,22.00)(49.08,20.00)][(26.00,22.00)(47.08,20.00)][(28.00,22.00)(3.00,1.00)][(30.00,22.00)(4.00,1.00)][(32.00,22.00)(5.00,1.00)][(34.00,22.00)(6.00,1.00)][(36.00,22.00)(7.00,1.00)]
[(24.00,22.00)(49.54,20.00)][(26.00,22.00)(47.54,20.00)][(28.00,22.00)(3.00,1.00)][(30.00,22.00)(4.00,1.00)][(32.00,22.00)(5.00,1.00)][(34.00,22.00)(6.00,1.00)][(36.00,22.00)(7.00,1.00)]
[(24.00,22.00)(50.00,20.00)][(26.00,22.00)(48.00,20.00)][(28.00,22.00)(3.00,1.00)][(30.00,22.00)(4.00,1.00)][(32.00,22.00)(5.00,1.00)][(34.00,22.00)(6.00,1.00)][(36.00,22.00)(7.00,1.00)]
[(24.00,22.00)(1.00,1.00)][(26.00,22.00)(2.00,1.00)][(28.00,22.00)(3.00,1.00)][(30.00,22.00)(4.00,1.00)][(32.00,22.00)(5.00,1.00)][(34.00,22.00)(6.00,1.00)][(36.00,22.00)(7.00,1.00)]
[(24.00,22.00)(1.00,1.00)][(26.00,22.00)(2.00,1.00)][(28.00,22.00)(3.00,1.00)][(30.00,22.00)(4.00,1.00)][(32.00,22.00)(5.00,1.00)][(34.00,22.00)(6.00,1.00)][(36.00,22.00)(7.00,1.00)]
[(24.00,22.00)(1.00,1.00)][(26.00,22.00)(2.00,1.00)][(28.00,22.00)(3.00,1.00)][(30.00,22.00)(4.00,1.00)][(32.00,22.00)(5.00,1.00)][(34.00,22.00)(6.00,1.00)][(36.00,22.00)(7.00,1.00)]
[(24.00,22.00)(1.00,1.00)][(26.00,22.00)(2.00,1.00)][(28.00,22.00)(3.00,1.00)][(30.00,22.00)(4.00,1.00)][(32.00,22.00)(5.00,1.00)][(34.00,22.00)(6.00,1.00)][(36.00,22.00)(7.00,1.00)]
[(24.00,22.00)(1.00,1.00)][(26.00,22.00)(2.00,1.00)][(28.00,22.00)(3.00,1.00)][(30.00,22.00)(4.00,1.00)][(32.00,22.00)(5.00,1.00)][(34.00,22.00)(6.00,1.00)][(36.00,22.00)(7.00,1.00)]
[(24.00,22.00)(1.00,1.00)][(26.00,22.00)(2.00,1.00)][(28.00,22.00)(3.00,1.00)][(30.00,22.00)(4.00,1.00)][(32.00,22.00)(5.00,1.00)][(34.00,22.00)(6.00,1.00)][(36.00,22.00)(7.00,1.00)]
[(24.00,22.00)(1.00,1.00)][(26.00,22.00)(2.00,1.00)][(28.00,22.00)(3.00,1.00)][(30.00,22.00)(4.00,1.00)][(32.00,22.00)(5.00,1.00)][(34.00,22.00)(6.00,1.00)][(36.00,22.00)(7.00,1.00)]
[(24.00,22.00)(1.00,1.00)][(26.00,22.00)(2.00,1.00)][(28.00,22.00)(3.00,1.00)][(30.00,22.00)(4.00,1.00)][(32.00,22.00)(5.00,1.00)][(34.00,22.00)(6.00,1.00)][(36.00,22.00)(7.00,1.00)]
[(24.00,22.00)(1.00,1.00)][(26.00,22.00)(2.00,1.00)][(28.00,22.00)(3.00,1.00)][(30.00,22.00)(4.00,1.00)][(32.00,22.00)(5.00,1.00)][(34.00,22.00)(6.00,1.00)][(36.00,22.00)(7.00,1.00)]
[(24.00,22.00)(1.00,1.00)][(26.00,22.00)(2.00,1.00)][(28.00,22.00)(3.00,1.00)][(30.00,22.00)(4.00,1.00)][(32.00,22.00)(5.00,1.00)][(34.00,22.00)(6.00,1.00)][(36.00,22.00)(7.00,1.00)]
[(24.00,22.00)(1.00,1.00)][(26.00,22.00)(4.00,20.00)][(28.00,22.00)(2.00,20.00)][(30.00,22.00)(4.00,1.00)][(32.00,22.00)(5.00,1.00)][(34.00,22.00)(6.00,1.00)][(36.00,22.00)(7.00,1.00)]
[(24.00,22.00)(1.00,1.00)][(26.00,22.00)(4.00,20.00)][(28.00,22.00)(2.00,20.00)][(30.00,22.00)(4.00,1.00)][(32.00,22.00)(5.00,1.00)][(34.00,22.00)(6.00,1.00)][(36.00,22.00)(7.00,1.00)]
[(24.00,22.00)(1.00,1.00)][(26.00,22.00)(4.00,20.00)][(28.00,22.00)(2.00,20.00)][(30.00,22.00)(4.00,1.00)][(32.00,22.00)(5.00,1.00)][(34.00,22.00)(6.00,1.00)][(36.00,22.00)(7.00,1.00)]
[(24.00,22.00)(1.00,1.00)][(26.00,22.00)(4.00,20.00)][(28.00,22.00)(2.00,20.00)][(30.00,22.00)(4.00,1.00)][(32.00,22.00)(5.00,1.00)][(34.00,22.00)(6.00,1.00)][(36.00,22.00)(7.00,1.00)]
[(24.00,22.00)(1.00,1.00)][(26.00,22.00)(4.00,20.00)][(28.00,22.00)(2.00,20.00)][(30.00,22.00)(4.00,1.00)][(32.00,22.00)(5.00,1.00)][(34.00,22.00)(6.00,1.00)][(36.00,22.00)(7.00,1.00)]
[(24.00,22.00)(1.00,1.00)][(26.00,22.00)(4.00,20.00)][(28.00,22.00)(2.00,20.00)][(30.00,22.00)(4.00,1.00)][(32.00,22.00)(5.00,1.00)][(34.00,22.00)(6.00,1.00)][(36.00,22.00)(7.00,1.00)]
[(24.00,22.00)(1.00,1.00)][(26.00,22.00)(4.00,20.00)][(28.00,22.00)(2.00,20.00)][(30.00,22.00)(4.00,1.00)][(32.00,22.00)(5.00,1.00)][(34.00,22.00)(6.00,1.00)][(36.00,22.00)(7.00,1.00)]
[(24.00,22.00)(1.00,1.00)][(26.00,22.00)(4.00,20.00)][(28.00,22.00)(2.00,20.00)][(30.00,22.00)(4.00,1.00)][(32.00,22.00)(5.00,1.00)][(34.00,22.00)(6.00,1.00)][(36.00,22.00)(7.00,1.00)]
[(24.00,22.00)(1.00,1.00)][(26.00,22.00)(4.00,20.00)][(28.00,22.00)(2.00,20.00)][(30.00,22.00)(4.00,1.00)][(32.00,22.00)(5.00,1.00)][(34.00,22.00)(6.00,1.00)][(36.00,22.00)(7.00,1.00)]
[(24.00,22.00)(1.00,1.00)][(26.00,22.00)(4.00,20.00)][(28.00,22.00)(2.00,20.00)][(30.00,22.00)(4.00,1.00)][(32.00,22.00)(5.00,1.00)][(34.00,22.00)(6.00,1.00)][(36.00,22.00)(7.00,1.00)]
[(24.00,22.00)(1.00,1.00)][(26.00,22.00)(4.46,20.00)][(28.00,22.00)(2.46,20.00)][(30.00,22.00)(2.00,20.00)][(32.00,22.00)(5.00,1.00)][(34.00,22.00)(6.00,1.00)][(36.00,22.00)(7.00,1.00)]
[(24.00,22.00)(1.00,1.00)][(26.00,22.00)(4.92,20.00)][(28.00,22.00)(2.92,20.00)][(30.00,22.00)(2.00,20.00)][(32.00,22.00)(5.00,1.00)][(34.00,22.00)(6.00,1.00)][(36.00,22.00)(7.00,1.00)]
[(24.00,22.00)(1.00,1.00)][(26.00,22.00)(5.38,20.00)][(28.00,22.00)(3.38,20.00)][(30.00,22.00)(2.00,20.00)][(32.00,22.00)(5.00,1.00)][(34.00,22.00)(6.00,1.00)][(36.00,22.00)(7.00,1.00)]
[(24.00,22.00)(1.00,1.00)][(26.00,22.00)(5.84,20.00)][(28.00,22.00)(3.84,20.00)][(30.00,22.00)(2.00,20.00)][(32.00,22.00)(5.00,1.00)][(34.00,22.00)(6.00,1.00)][(36.00,22.00)(7.00,1.00)]
[(24.00,22.00)(1.00,1.00)][(26.00,22.00)(6.30,20.00)][(28.00,22.00)(4.30,20.00)][(30.00,22.00)(2.00,20.00)][(32.00,22.00)(5.00,1.00)][(34.00,22.00)(6.00,1.00)][(36.00,22.00)(7.00,1.00)]
[(24.00,22.00)(1.00,1.00)][(26.00,22.00)(6.76,20.00)][(28.00,22.00)(4.76,20.00)][(30.00,22.00)(2.00,20.00)][(32.00,22.00)(5.00,1.00)][(34.00,22.00)(6.00,1.00)][(36.00,22.00)(7.00,1.00)]
[(24.00,22.00)(1.00,1.00)][(26.00,22.00)(7.22,20.00)][(28.00,22.00)(5.22,20.00)][(30.00,22.00)(2.00,20.00)][(32.00,22.00)(5.00,1.00)][(34.00,22.00)(6.00,1.00)][(36.00,22.00)(7.00,1.00)]
[(24.00,22.00)(1.00,1.00)][(26.00,22.00)(7.68,20.00)][(28.00,22.00)(5.68,20.00)][(30.00,22.00)(2.00,20.00)][(32.00,22.00)(5.00,1.00)][(34.00,22.00)(6.00,1.00)][(36.00,22.00)(7.00,1.00)]
[(24.00,22.00)(1.00,1.00)][(26.00,22.00)(8.14,20.00)][(28.00,22.00)(6.14,20.00)][(30.00,22.00)(2.00,20.00)][(32.00,22.00)(5.00,1.00)][(34.00,22.00)(6.00,1.00)][(36.00,22.00)(7.00,1.00)]
[(24.00,22.00)(1.00,1.00)][(26.00,22.00)(8.60,20.00)][(28.00,22.00)(6.60,20.00)][(30.00,22.00)(2.00,20.00)][(32.00,22.00)(5.00,1.00)][(34.00,22.00)(6.00,1.00)][(36.00,22.00)(7.00,1.00)]
[(24.00,22.00)(1.00,1.00)][(26.00,22.00)(9.06,20.00)][(28.00,22.00)(7.06,20.00)][(30.00,22.00)(2.46,20.00)][(32.00,22.00)(2.00,20.00)][(34.00,22.00)(6.00,1.00)][(36.00,22.00)(7.00,1.00)]
[(24.00,22.00)(1.00,1.00)][(26.00,22.00)(9.52,20.00)][(28.00,22.00)(7.52,20.00)][(30.00,22.00)(2.92,20.00)][(32.00,22.00)(2.00,20.00)][(34.00,22.00)(6.00,1.00)][(36.00,22.00)(7.00,1.00)]
[(24.00,22.00)(1.00,1.00)][(26.00,22.00)(9.98,20.00)][(28.00,22.00)(7.98,20.00)][(30.00,22.00)(3.38,20.00)][(32.00,22.00)(2.00,20.00)][(34.00,22.00)(6.00,1.00)][(36.00,22.00)(7.00,1.00)]
[(24.00,22.00)(1.00,1.00)][(26.00,22.00)(10.44,20.00)][(28.00,22.00)(8.44,20.00)][(30.00,22.00)(3.84,20.00)][(32.00,22.00)(2.00,20.00)][(34.00,22.00)(6.00,1.00)][(36.00,22.00)(7.00,1.00)]
[(24.00,22.00)(1.00,1.00)][(26.00,22.00)(10.90,20.00)][(28.00,22.00)(8.90,20.00)][(30.00,22.00)(4.30,20.00)][(32.00,22.00)(2.00,20.00)][(34.00,22.00)(6.00,1.00)][(36.00,22.00)(7.00,1.00)]
[(24.00,22.00)(1.00,1.00)][(26.00,22.00)(11.36,20.00)][(28.00,22.00)(9.36,20.00)][(30.00,22.00)(4.76,20.00)][(32.00,22.00)(2.00,20.00)][(34.00,22.00)(6.00,1.00)][(36.00,22.00)(7.00,1.00)]
[(24.00,22.00)(1.00,1.00)][(26.00,22.00)(11.82,20.00)][(28.00,22.00)(9.82,20.00)][(30.00,22.00)(5.22,20.00)][(32.00,22.00)(2.00,20.00)][(34.00,22.00)(6.00,1.00)][(36.00,22.00)(7.00,1.00)]
[(24.00,22.00)(1.00,1.00)][(26.00,22.00)(12.28,20.00)][(28.00,22.00)(10.28,20.00)][(30.00,22.00)(5.68,20.00)][(32.00,22.00)(2.00,20.00)][(34.00,22.00)(6.00,1.00)][(36.00,22.00)(7.00,1.00)]
[(24.00,22.00)(1.00,1.00)][(26.00,22.00)(12.74,20.00)][(28.00,22.00)(10.74,20.00)][(30.00,22.00)(6.14,20.00)][(32.00,22.00)(2.00,20.00)][(34.00,22.00)(6.00,1.00)][(36.00,22.00)(7.00,1.00)]
[(24.00,22.00)(1.00,1.00)][(26.00,22.00)(13.20,20.00)][(28.00,22.00)(11.20,20.00)][(30.00,22.00)(6.60,20.00)][(32.00,22.00)(2.00,20.00)][(34.00,22.00)(6.00,1.00)][(36.00,22.00)(7.00,1.00)]
[(24.00,22.00)(1.00,1.00)][(26.00,22.00)(13.66,20.00)][(28.00,22.00)(11.66,20.00)][(30.00,22.00)(7.06,20.00)][(32.00,22.00)(2.46,20.00)][(34.00,22.00)(2.00,20.00)][(36.00,22.00)(7.00,1.00)]
[(24.00,22.00)(1.00,1.00)][(26.00,22.00)(14.12,20.00)][(28.00,22.00)(12.12,20.00)][(30.00,22.00)(7.52,20.00)][(32.00,22.00)(2.92,20.00)][(34.00,22.00)(2.00,20.00)][(36.00,22.00)(7.00,1.00)]
[(24.00,22.00)(1.00,1.00)][(26.00,22.00)(14.58,20.00)][(28.00,22.00)(12.58,20.00)][(30.00,22.00)(7.98,20.00)][(32.00,22.00)(3.38,20.00)][(34.00,22.00)(2.00,20.00)][(36.00,22.00)(7.00,1.00)]
[(24.00,22.00)(1.00,1.00)][(26.00,22.00)(15.04,20.00)][(28.00,22.00)(13.04,20.00)][(30.00,22.00)(8.44,20.00)][(32.00,22.00)(3.84,20.00)][(34.00,22.00)(2.00,20.00)][(36.00,22.00)(7.00,1.00)]
[(24.00,22.00)(1.00,1.00)][(26.00,22.00)(15.50,20.00)][(28.00,22.00)(13.50,20.00)][(30.00,22.00)(8.90,20.00)][(32.00,22.00)(4.30,20.00)][(34.00,22.00)(2.00,20.00)][(36.00,22.00)(7.00,1.00)]
[(24.00,22.00)(1.00,1.00)][(26.00,22.00)(15.96,20.00)][(28.00,22.00)(13.96,20.00)][(30.00,22.00)(9.36,20.00)][(32.00,22.00)(4.76,20.00)][(34.00,22.00)(2.00,20.00)][(36.00,22.00)(7.00,1.00)]
[(24.00,22.00)(1.00,1.00)][(26.00,22.00)(16.42,20.00)][(28.00,22.00)(14.42,20.00)][(30.00,22.00)(9.82,20.00)][(32.00,22.00)(5.22,20.00)][(34.00,22.00)(2.00,20.00)][(36.00,22.00)(7.00,1.00)]
[(24.00,22.00)(1.00,1.00)][(26.00,22.00)(16.88,20.00)][(28.00,22.00)(14.88,20.00)][(30.00,22.00)(10.28,20.00)][(32.00,22.00)(5.68,20.00)][(34.00,22.00)(2.00,20.00)][(36.00,22.00)(7.00,1.00)]
[(24.00,22.00)(1.00,1.00)][(26.00,22.00)(17.34,20.00)][(28.00,22.00)(15.34,20.00)][(30.00,22.00)(10.74,20.00)][(32.00,22.00)(6.14,20.00)][(34.00,22.00)(2.00,20.00)][(36.00,22.00)(7.00,1.00)]
[(24.00,22.00)(1.00,1.00)][(26.00,22.00)(17.80,20.00)][(28.00,22.00)(15.80,20.00)][(30.00,22.00)(11.20,20.00)][(32.00,22.00)(6.60,20.00)][(34.00,22.00)(2.00,20.00)][(36.00,22.00)(7.00,1.00)]
[(24.00,22.00)(1.00,1.00)][(26.00,22.00)(18.26,20.00)][(28.00,22.00)(16.26,20.00)][(30.00,22.00)(11.66,20.00)][(32.00,22.00)(7.06,20.00)][(34.00,22.00)(2.46,20.00)][(36.00,22.00)(2.00,20.00)]
[(24.00,22.00)(1.00,1.00)][(26.00,22.00)(18.72,20.00)][(28.00,22.00)(16.72,20.00)][(30.00,22.00)(12.12,20.00)][(32.00,22.00)(7.52,20.00)][(34.00,22.00)(2.92,20.00)][(36.00,22.00)(2.00,20.00)]
[(24.00,22.00)(1.00,1.00)][(26.00,22.00)(19.18,20.00)][(28.00,22.00)(17.18,20.00)][(30.00,22.00)(12.58,20.00)][(32.00,22.00)(7.98,20.00)][(34.00,22.00)(3.38,20.00)][(36.00,22.00)(2.00,20.00)]
[(24.00,22.00)(1.00,1.00)][(26.00,22.00)(19.64,20.00)][(28.00,22.00)(17.64,20.00)][(30.00,22.00)(13.04,20.00)][(32.00,22.00)(8.44,20.00)][(34.00,22.00)(3.84,20.00)][(36.00,22.00)(2.00,20.00)]
[(24.00,22.00)(1.00,1.00)][(26.00,22.00)(20.10,20.00)][(28.00,22.00)(18.10,20.00)][(30.00,22.00)(13.50,20.00)][(32.00,22.00)(8.90,20.00)][(34.00,22.00)(4.30,20.00)][(36.00,22.00)(2.00,20.00)]
[(24.00,22.00)(1.00,1.00)][(26.00,22.00)(20.56,20.00)][(28.00,22.00)(18.56,20.00)][(30.00,22.00)(13.96,20.00)][(32.00,22.00)(9.36,20.00)][(34.00,22.00)(4.76,20.00)][(36.00,22.00)(2.00,20.00)]
[(24.00,22.00)(1.00,1.00)][(26.00,22.00)(21.02,20.00)][(28.00,22.00)(19.02,20.00)][(30.00,22.00)(14.42,20.00)][(32.00,22.00)(9.82,20.00)][(34.00,22.00)(5.22,20.00)][(36.00,22.00)(2.00,20.00)]
[(24.00,22.00)(1.00,1.00)][(26.00,22.00)(21.48,20.00)][(28.00,22.00)(19.48,20.00)][(30.00,22.00)(14.88,20.00)][(32.00,22.00)(10.28,20.00)][(34.00,22.00)(5.68,20.00)][(36.00,22.00)(2.00,20.00)]
[(24.00,22.00)(1.00,1.00)][(26.00,22.00)(21.94,20.00)][(28.00,22.00)(19.94,20.00)][(30.00,22.00)(15.34,20.00)][(32.00,22.00)(10.74,20.00)][(34.00,22.00)(6.14,20.00)][(36.00,22.00)(2.00,20.00)]
[(24.00,22.00)(1.00,1.00)][(26.00,22.00)(22.40,20.00)][(28.00,22.00)(20.40,20.00)][(30.00,22.00)(15.80,20.00)][(32.00,22.00)(11.20,20.00)][(34.00,22.00)(6.60,20.00)][(36.00,22.00)(2.00,20.00)]
[(24.00,22.00)(1.00,1.00)][(26.00,22.00)(22.86,20.00)][(28.00,22.00)(20.86,20.00)][(30.00,22.00)(16.26,20.00)][(32.00,22.00)(11.66,20.00)][(34.00,22.00)(7.06,20.00)][(36.00,22.00)(2.46,20.00)]
[(24.00,22.00)(1.00,1.00)][(26.00,22.00)(23.32,20.00)][(28.00,22.00)(21.32,20.00)][(30.00,22.00)(16.72,20.00)][(32.00,22.00)(12.12,20.00)][(34.00,22.00)(7.52,20.00)][(36.00,22.00)(2.92,20.00)]
[(24.00,22.00)(1.00,1.00)][(26.00,22.00)(23.78,20.00)][(28.00,22.00)(21.78,20.00)][(30.00,22.00)(17.18,20.00)][(32.00,22.00)(12.58,20.00)][(34.00,22.00)(7.98,20.00)][(36.00,22.00)(3.38,20.00)]
[(24.00,22.00)(1.00,1.00)][(26.00,22.00)(24.24,20.00)][(28.00,22.00)(22.24,20.00)][(30.00,22.00)(17.64,20.00)][(32.00,22.00)(13.04,20.00)][(34.00,22.00)(8.44,20.00)][(36.00,22.00)(3.84,20.00)]
[(24.00,22.00)(1.00,1.00)][(26.00,22.00)(24.70,20.00)][(28.00,22.00)(22.70,20.00)][(30.00,22.00)(18.10,20.00)][(32.00,22.00)(13.50,20.00)][(34.00,22.00)(8.90,20.00)][(36.00,22.00)(4.30,20.00)]
[(24.00,22.00)(1.00,1.00)][(26.00,22.00)(25.16,20.00)][(28.00,22.00)(23.16,20.00)][(30.00,22.00)(18.56,20.00)][(32.00,22.00)(13.96,20.00)][(34.00,22.00)(9.36,20.00)][(36.00,22.00)(4.76,20.00)]
[(24.00,22.00)(1.00,1.00)][(26.00,22.00)(25.62,20.00)][(28.00,22.00)(23.62,20.00)][(30.00,22.00)(19.02,20.00)][(32.00,22.00)(14.42,20.00)][(34.00,22.00)(9.82,20.00)][(36.00,22.00)(5.22,20.00)]
[(24.00,22.00)(1.00,1.00)][(26.00,22.00)(26.08,20.00)][(28.00,22.00)(24.08,20.00)][(30.00,22.00)(19.48,20.00)][(32.00,22.00)(14.88,20.00)][(34.00,22.00)(10.28,20.00)][(36.00,22.00)(5.68,20.00)]
[(24.00,22.00)(1.00,1.00)][(26.00,22.00)(26.54,20.00)][(28.00,22.00)(24.54,20.00)][(30.00,22.00)(19.94,20.00)][(32.00,22.00)(15.34,20.00)][(34.00,22.00)(10.74,20.00)][(36.00,22.00)(6.14,20.00)]
[(24.00,22.00)(1.00,1.00)][(26.00,22.00)(27.00,20.00)][(28.00,22.00)(25.00,20.00)][(30.00,22.00)(20.40,20.00)][(32.00,22.00)(15.80,20.00)][(34.00,22.00)(11.20,20.00)][(36.00,22.00)(6.60,20.00)]
[(24.00,22.00)(1.00,1.00)][(26.00,22.00)(27.46,20.00)][(28.00,22.00)(25.46,20.00)][(30.00,22.00)(20.86,20.00)][(32.00,22.00)(16.26,20.00)][(34.00,22.00)(11.66,20.00)][(36.00,22.00)(7.06,20.00)]
[(24.00,22.00)(1.00,1.00)][(26.00,22.00)(27.92,20.00)][(28.00,22.00)(25.92,20.00)][(30.00,22.00)(21.32,20.00)][(32.00,22.00)(16.72,20.00)][(34.00,22.00)(12.12,20.00)][(36.00,22.00)(7.52,20.00)]
[(24.00,22.00)(1.00,1.00)][(26.00,22.00)(28.38,20.00)][(28.00,22.00)(26.38,20.00)][(30.00,22.00)(21.78,20.00)][(32.00,22.00)(17.18,20.00)][(34.00,22.00)(12.58,20.00)][(36.00,22.00)(7.98,20.00)]
[(24.00,22.00)(1.00,1.00)][(26.00,22.00)(28.84,20.00)][(28.00,22.00)(26.84,20.00)][(30.00,22.00)(22.24,20.00)][(32.00,22.00)(17.64,20.00)][(34.00,22.00)(13.04,20.00)][(36.00,22.00)(8.44,20.00)]
[(24.00,22.00)(1.00,1.00)][(26.00,22.00)(29.30,20.00)][(28.00,22.00)(27.30,20.00)][(30.00,22.00)(22.70,20.00)][(32.00,22.00)(18.10,20.00)][(34.00,22.00)(13.50,20.00)][(36.00,22.00)(8.90,20.00)]
[(24.00,22.00)(1.00,1.00)][(26.00,22.00)(29.76,20.00)][(28.00,22.00)(27.76,20.00)][(30.00,22.00)(23.16,20.00)][(32.00,22.00)(18.56,20.00)][(34.00,22.00)(13.96,20.00)][(36.00,22.00)(9.36,20.00)]
[(24.00,22.00)(1.00,1.00)][(26.00,22.00)(30.22,20.00)][(28.00,22.00)(28.22,20.00)][(30.00,22.00)(23.62,20.00)][(32.00,22.00)(19.02,20.00)][(34.00,22.00)(14.42,20.00)][(36.00,22.00)(9.82,20.00)]
[(24.00,22.00)(1.00,1.00)][(26.00,22.00)(30.68,20.00)][(28.00,22.00)(28.68,20.00)][(30.00,22.00)(24.08,20.00)][(32.00,22.00)(19.48,20.00)][(34.00,22.00)(14.88,20.00)][(36.00,22.00)(10.28,20.00)]
[(24.00,22.00)(1.00,1.00)][(26.00,22.00)(31.14,20.00)][(28.00,22.00)(29.14,20.00)][(30.00,22.00)(24.54,20.00)][(32.00,22.00)(19.94,20.00)][(34.00,22.00)(15.34,20.00)][(36.00,22.00)(10.74,20.00)]
[(24.00,22.00)(1.00,1.00)][(26.00,22.00)(31.60,20.00)][(28.00,22.00)(29.60,20.00)][(30.00,22.00)(25.00,20.00)][(32.00,22.00)(20.40,20.00)][(34.00,22.00)(15.80,20.00)][(36.00,22.00)(11.20,20.00)]
[(24.00,22.00)(1.00,1.00)][(26.00,22.00)(32.06,20.00)][(28.00,22.00)(30.06,20.00)][(30.00,22.00)(25.46,20.00)][(32.00,22.00)(20.86,20.00)][(34.00,22.00)(16.26,20.00)][(36.00,22.00)(11.66,20.00)]
[(24.00,22.00)(1.00,1.00)][(26.00,22.00)(32.52,20.00)][(28.00,22.00)(30.52,20.00)][(30.00,22.00)(25.92,20.00)][(32.00,22.00)(21.32,20.00)][(34.00,22.00)(16.72,20.00)][(36.00,22.00)(12.12,20.00)]
[(24.00,22.00)(1.00,1.00)][(26.00,22.00)(32.98,20.00)][(28.00,22.00)(30.98,20.00)][(30.00,22.00)(26.38,20.00)][(32.00,22.00)(21.78,20.00)][(34.00,22.00)(17.18,20.00)][(36.00,22.00)(12.58,20.00)]
[(24.00,22.00)(1.00,1.00)][(26.00,22.00)(33.44,20.00)][(28.00,22.00)(31.44,20.00)][(30.00,22.00)(26.84,20.00)][(32.00,22.00)(22.24,20.00)][(34.00,22.00)(17.64,20.00)][(36.00,22.00)(13.04,20.00)]
[(24.00,22.00)(1.00,1.00)][(26.00,22.00)(33.90,20.00)][(28.00,22.00)(31.90,20.00)][(30.00,22.00)(27.30,20.00)][(32.00,22.00)(22.70,20.00)][(34.00,22.00)(18.10,20.00)][(36.00,22.00)(13.50,20.00)]
[(24.00,22.00)(1.00,1.00)][(26.00,22.00)(34.36,20.00)][(28.00,22.00)(32.36,20.00)][(30.00,22.00)(27.76,20.00)][(32.00,22.00)(23.16,20.00)][(34.00,22.00)(18.56,20.00)][(36.00,22.00)(13.96,20.00)]
[(24.00,22.00)(1.00,1.00)][(26.00,22.00)(34.82,20.00)][(28.00,22.00)(32.82,20.00)][(30.00,22.00)(28.22,20.00)][(32.00,22.00)(23.62,20.00)][(34.00,22.00)(19.02,20.00)][(36.00,22.00)(14.42,20.00)]
[(24.00,22.00)(1.00,1.00)][(26.00,22.00)(35.28,20.00)][(28.00,22.00)(33.28,20.00)][(30.00,22.00)(28.68,20.00)][(32.00,22.00)(24.08,20.00)][(34.00,22.00)(19.48,20.00)][(36.00,22.00)(14.88,20.00)]
[(24.00,22.00)(1.00,1.00)][(26.00,22.00)(35.74,20.00)][(28.00,22.00)(33.74,20.00)][(30.00,22.00)(29.14,20.00)][(32.00,22.00)(24.54,20.00)][(34.00,22.00)(19.94,20.00)][(36.00,22.00)(15.34,20.00)]
[(24.00,22.00)(1.00,1.00)][(26.00,22.00)(36.20,20.00)][(28.00,22.00)(34.20,20.00)][(30.00,22.00)(29.60,20.00)][(32.00,22.00)(25.00,20.00)][(34.00,22.00)(20.40,20.00)][(36.00,22.00)(15.80,20.00)]
[(24.00,22.00)(1.00,1.00)][(26.00,22.00)(36.66,20.00)][(28.00,22.00)(34.66,20.00)][(30.00,22.00)(30.06,20.00)][(32.00,22.00)(25.46,20.00)][(34.00,22.00)(20.86,20.00)][(36.00,22.00)(16.26,20.00)]
[(24.00,22.00)(1.00,1.00)][(26.00,22.00)(37.12,20.00)][(28.00,22.00)(35.12,20.00)][(30.00,22.00)(30.52,20.00)][(32.00,22.00)(25.92,20.00)][(34.00,22.00)(21.32,20.00)][(36.00,22.00)(16.72,20.00)]
[(24.00,22.00)(1.00,1.00)][(26.00,22.00)(37.58,20.00)][(28.00,22.00)(35.58,20.00)][(30.00,22.00)(30.98,20.00)][(32.00,22.00)(26.38,20.00)][(34.00,22.00)(21.78,20.00)][(36.00,22.00)(17.18,20.00)]
[(24.00,22.00)(1.00,1.00)][(26.00,22.00)(38.04,20.00)][(28.00,22.00)(36.04,20.00)][(30.00,22.00)(31.44,20.00)][(32.00,22.00)(26.84,20.00)][(34.00,22.00)(22.24,20.00)][(36.00,22.00)(17.64,20.00)]
[(24.00,22.00)(1.00,1.00)][(26.00,22.00)(38.50,20.00)][(28.00,22.00)(36.50,20.00)][(30.00,22.00)(31.90,20.00)][(32.00,22.00)(27.30,20.00)][(34.00,22.00)(22.70,20.00)][(36.00,22.00)(18.10,20.00)]
[(24.00,22.00)(1.00,1.00)][(26.00,22.00)(38.96,20.00)][(28.00,22.00)(36.96,20.00)][(30.00,22.00)(32.36,20.00)][(32.00,22.00)(27.76,20.00)][(34.00,22.00)(23.16,20.00)][(36.00,22.00)(18.56,20.00)]
[(24.00,22.00)(1.00,1.00)][(26.00,22.00)(39.42,20.00)][(28.00,22.00)(37.42,20.00)][(30.00,22.00)(32.82,20.00)][(32.00,22.00)(28.22,20.00)][(34.00,22.00)(23.62,20.00)][(36.00,22.00)(19.02,20.00)]
[(24.00,22.00)(1.00,1.00)][(26.00,22.00)(39.88,20.00)][(28.00,22.00)(37.88,20.00)][(30.00,22.00)(33.28,20.00)][(32.00,22.00)(28.68,20.00)][(34.00,22.00)(24.08,20.00)][(36.00,22.00)(19.48,20.00)]
[(24.00,22.00)(1.00,1.00)][(26.00,22.00)(40.34,20.00)][(28.00,22.00)(38.34,20.00)][(30.00,22.00)(33.74,20.00)][(32.00,22.00)(29.14,20.00)][(34.00,22.00)(24.54,20.00)][(36.00,22.00)(19.94,20.00)]
[(24.00,22.00)(1.00,1.00)][(26.00,22.00)(40.80,20.00)][(28.00,22.00)(38.80,20.00)][(30.00,22.00)(34.20,20.00)][(32.00,22.00)(29.60,20.00)][(34.00,22.00)(25.00,20.00)][(36.00,22.00)(20.40,20.00)]
[(24.00,22.00)(1.00,1.00)][(26.00,22.00)(41.26,20.00)][(28.00,22.00)(39.26,20.00)][(30.00,22.00)(34.66,20.00)][(32.00,22.00)(30.06,20.00)][(34.00,22.00)(25.46,20.00)][(36.00,22.00)(20.86,20.00)]
[(24.00,22.00)(1.00,1.00)][(26.00,22.00)(41.72,20.00)][(28.00,22.00)(39.72,20.00)][(30.00,22.00)(35.12,20.00)][(32.00,22.00)(30.52,20.00)][(34.00,22.00)(25.92,20.00)][(36.00,22.00)(21.32,20.00)]
[(24.00,22.00)(1.00,1.00)][(26.00,22.00)(42.18,20.00)][(28.00,22.00)(40.18,20.00)][(30.00,22.00)(35.58,20.00)][(32.00,22.00)(30.98,20.00)][(34.00,22.00)(26.38,20.00)][(36.00,22.00)(21.78,20.00)]
[(24.00,22.00)(1.00,1.00)][(26.00,22.00)(42.64,20.00)][(28.00,22.00)(40.64,20.00)][(30.00,22.00)(36.04,20.00)][(32.00,22.00)(31.44,20.00)][(34.00,22.00)(26.84,20.00)][(36.00,22.00)(22.24,20.00)]
[(24.00,22.00)(1.00,1.00)][(26.00,22.00)(43.10,20.00)][(28.00,22.00)(41.10,20.00)][(30.00,22.00)(36.50,20.00)][(32.00,22.00)(31.90,20.00)][(34.00,22.00)(27.30,20.00)][(36.00,22.00)(22.70,20.00)]
[(24.00,22.00)(1.00,1.00)][(26.00,22.00)(43.56,20.00)][(28.00,22.00)(41.56,20.00)][(30.00,22.00)(36.96,20.00)][(32.00,22.00)(32.36,20.00)][(34.00,22.00)(27.76,20.00)][(36.00,22.00)(23.16,20.00)]
[(24.00,22.00)(1.00,1.00)][(26.00,22.00)(44.02,20.00)][(28.00,22.00)(42.02,20.00)][(30.00,22.00)(37.42,20.00)][(32.00,22.00)(32.82,20.00)][(34.00,22.00)(28.22,20.00)][(36.00,22.00)(23.62,20.00)]
[(24.00,22.00)(1.00,1.00)][(26.00,22.00)(44.48,20.00)][(28.00,22.00)(42.48,20.00)][(30.00,22.00)(37.88,20.00)][(32.00,22.00)(33.28,20.00)][(34.00,22.00)(28.68,20.00)][(36.00,22.00)(24.08,20.00)]
[(24.00,22.00)(1.00,1.00)][(26.00,22.00)(44.94,20.00)][(28.00,22.00)(42.94,20.00)][(30.00,22.00)(38.34,20.00)][(32.00,22.00)(33.74,20.00)][(34.00,22.00)(29.14,20.00)][(36.00,22.00)(24.54,20.00)]
[(24.00,22.00)(1.00,1.00)][(26.00,22.00)(45.40,20.00)][(28.00,22.00)(43.40,20.00)][(30.00,22.00)(38.80,20.00)][(32.00,22.00)(34.20,20.00)][(34.00,22.00)(29.60,20.00)][(36.00,22.00)(25.00,20.00)]
[(24.00,22.00)(1.00,1.00)][(26.00,22.00)(45.86,20.00)][(28.00,22.00)(43.86,20.00)][(30.00,22.00)(39.26,20.00)][(32.00,22.00)(34.66,20.00)][(34.00,22.00)(30.06,20.00)][(36.00,22.00)(25.46,20.00)]
[(24.00,22.00)(1.00,1.00)][(26.00,22.00)(46.32,20.00)][(28.00,22.00)(44.32,20.00)][(30.00,22.00)(39.72,20.00)][(32.00,22.00)(35.12,20.00)][(34.00,22.00)(30.52,20.00)][(36.00,22.00)(25.92,20.00)]
[(24.00,22.00)(1.00,1.00)][(26.00,22.00)(46.78,20.00)][(28.00,22.00)(44.78,20.00)][(30.00,22.00)(40.18,20.00)][(32.00,22.00)(35.58,20.00)][(34.00,22.00)(30.98,20.00)][(36.00,22.00)(26.38,20.00)]
[(24.00,22.00)(1.00,1.00)][(26.00,22.00)(47.24,20.00)][(28.00,22.00)(45.24,20.00)][(30.00,22.00)(40.64,20.00)][(32.00,22.00)(36.04,20.00)][(34.00,22.00)(31.44,20.00)][(36.00,22.00)(26.84,20.00)]
[(24.00,22.00)(1.00,1.00)][(26.00,22.00)(47.70,20.00)][(28.00,22.00)(45.70,20.00)][(30.00,22.00)(41.10,20.00)][(32.00,22.00)(36.50,20.00)][(34.00,22.00)(31.90,20.00)][(36.00,22.00)(27.30,20.00)]
[(24.00,22.00)(1.00,1.00)][(26.00,22.00)(48.16,20.00)][(28.00,22.00)(46.16,20.00)][(30.00,22.00)(41.56,20.00)][(32.00,22.00)(36.96,20.00)][(34.00,22.00)(32.36,20.00)][(36.00,22.00)(27.76,20.00)]
[(24.00,22.00)(1.00,1.00)][(26.00,22.00)(48.62,20.00)][(28.00,22.00)(46.62,20.00)][(30.00,22.00)(42.02,20.00)][(32.00,22.00)(37.42,20.00)][(34.00,22.00)(32.82,20.00)][(36.00,22.00)(28.22,20.00)]
[(24.00,22.00)(1.00,1.00)][(26.00,22.00)(49.08,20.00)][(28.00,22.00)(47.08,20.00)][(30.00,22.00)(42.48,20.00)][(32.00,22.00)(37.88,20.00)][(34.00,22.00)(33.28,20.00)][(36.00,22.00)(28.68,20.00)]
[(24.00,22.00)(1.00,1.00)][(26.00,22.00)(49.54,20.00)][(28.00,22.00)(47.54,20.00)][(30.00,22.00)(42.94,20.00)][(32.00,22.00)(38.34,20.00)][(34.00,22.00)(33.74,20.00)][(36.00,22.00)(29.14,20.00)]
[(24.00,22.00)(1.00,1.00)][(26.00,22.00)(50.00,20.00)][(28.00,22.00)(48.00,20.00)][(30.00,22.00)(43.40,20.00)][(32.00,22.00)(38.80,20.00)][(34.00,22.00)(34.20,20.00)][(36.00,22.00)(29.60,20.00)]
[(24.00,22.00)(1.00,1.00)][(26.00,22.00)(2.00,1.00)][(28.00,22.00)(3.00,1.00)][(30.00,22.00)(43.86,20.00)][(32.00,22.00)(39.26,20.00)][(34.00,22.00)(34.66,20.00)][(36.00,22.00)(30.06,20.00)]
[(24.00,22.00)(1.00,1.00)][(26.00,22.00)(2.00,1.00)][(28.00,22.00)(3.00,1.00)][(30.00,22.00)(44.32,20.00)][(32.00,22.00)(39.72,20.00)][(34.00,22.00)(35.12,20.00)][(36.00,22.00)(30.52,20.00)]
[(24.00,22.00)(1.00,1.00)][(26.00,22.00)(2.00,1.00)][(28.00,22.00)(3.00,1.00)][(30.00,22.00)(44.78,20.00)][(32.00,22.00)(40.18,20.00)][(34.00,22.00)(35.58,20.00)][(36.00,22.00)(30.98,20.00)]
[(24.00,22.00)(1.00,1.00)][(26.00,22.00)(2.00,1.00)][(28.00,22.00)(3.00,1.00)][(30.00,22.00)(45.24,20.00)][(32.00,22.00)(40.64,20.00)][(34.00,22.00)(36.04,20.00)][(36.00,22.00)(31.44,20.00)]
[(24.00,22.00)(1.00,1.00)][(26.00,22.00)(2.00,1.00)][(28.00,22.00)(3.00,1.00)][(30.00,22.00)(45.70,20.00)][(32.00,22.00)(41.10,20.00)][(34.00,22.00)(36.50,20.00)][(36.00,22.00)(31.90,20.00)]
[(24.00,22.00)(1.00,1.00)][(26.00,22.00)(2.00,1.00)][(28.00,22.00)(3.00,1.00)][(30.00,22.00)(46.16,20.00)][(32.00,22.00)(41.56,20.00)][(34.00,22.00)(36.96,20.00)][(36.00,22.00)(32.36,20.00)]
[(24.00,22.00)(1.00,1.00)][(26.00,22.00)(2.00,1.00)][(28.00,22.00)(3.00,1.00)][(30.00,22.00)(46.62,20.00)][(32.00,22.00)(42.02,20.00)][(34.00,22.00)(37.42,20.00)][(36.00,22.00)(32.82,20.00)]
[(24.00,22.00)(1.00,1.00)][(26.00,22.00)(2.00,1.00)][(28.00,22.00)(3.00,1.00)][(30.00,22.00)(47.08,20.00)][(32.00,22.00)(42.48,20.00)][(34.00,22.00)(37.88,20.00)][(36.00,22.00)(33.28,20.00)]
[(24.00,22.00)(1.00,1.00)][(26.00,22.00)(2.00,1.00)][(28.00,22.00)(3.00,1.00)][(30.00,22.00)(47.54,20.00)][(32.00,22.00)(42.94,20.00)][(34.00,22.00)(38.34,20.00)][(36.00,22.00)(33.74,20.00)]
[(24.00,22.00)(1.00,1.00)][(26.00,22.00)(2.00,1.00)][(28.00,22.00)(3.00,1.00)][(30.00,22.00)(48.00,20.00)][(32.00,22.00)(43.40,20.00)][(34.00,22.00)(38.80,20.00)][(36.00,22.00)(34.20,20.00)]
[(24.00,22.00)(1.00,1.00)][(26.00,22.00)(2.00,1.00)][(28.00,22.00)(4.00,20.00)][(30.00,22.00)(4.00,1.00)][(32.00,22.00)(43.86,20.00)][(34.00,22.00)(39.26,20.00)][(36.00,22.00)(34.66,20.00)]
[(24.00,22.00)(1.00,1.00)][(26.00,22.00)(2.00,1.00)][(28.00,22.00)(4.00,20.00)][(30.00,22.00)(4.00,1.00)][(32.00,22.00)(44.32,20.00)][(34.00,22.00)(39.72,20.00)][(36.00,22.00)(35.12,20.00)]
[(24.00,22.00)(1.00,1.00)][(26.00,22.00)(2.00,1.00)][(28.00,22.00)(4.00,20.00)][(30.00,22.00)(4.00,1.00)][(32.00,22.00)(44.78,20.00)][(34.00,22.00)(40.18,20.00)][(36.00,22.00)(35.58,20.00)]
[(24.00,22.00)(1.00,1.00)][(26.00,22.00)(2.00,1.00)][(28.00,22.00)(4.00,20.00)][(30.00,22.00)(4.00,1.00)][(32.00,22.00)(45.24,20.00)][(34.00,22.00)(40.64,20.00)][(36.00,22.00)(36.04,20.00)]
[(24.00,22.00)(1.00,1.00)][(26.00,22.00)(2.00,1.00)][(28.00,22.00)(4.00,20.00)][(30.00,22.00)(4.00,1.00)][(32.00,22.00)(45.70,20.00)][(34.00,22.00)(41.10,20.00)][(36.00,22.00)(36.50,20.00)]
[(24.00,22.00)(1.00,1.00)][(26.00,22.00)(2.00,1.00)][(28.00,22.00)(4.00,20.00)][(30.00,22.00)(4.00,1.00)][(32.00,22.00)(46.16,20.00)][(34.00,22.00)(41.56,20.00)][(36.00,22.00)(36.96,20.00)]
[(24.00,22.00)(1.00,1.00)][(26.00,22.00)(2.00,1.00)][(28.00,22.00)(4.00,20.00)][(30.00,22.00)(4.00,1.00)][(32.00,22.00)(46.62,20.00)][(34.00,22.00)(42.02,20.00)][(36.00,22.00)(37.42,20.00)]
[(24.00,22.00)(1.00,1.00)][(26.00,22.00)(2.00,1.00)][(28.00,22.00)(4.00,20.00)][(30.00,22.00)(4.00,1.00)][(32.00,22.00)(47.08,20.00)][(34.00,22.00)(42.48,20.00)][(36.00,22.00)(37.88,20.00)]
[(24.00,22.00)(1.00,1.00)][(26.00,22.00)(2.00,1.00)][(28.00,22.00)(4.00,20.00)][(30.00,22.00)(4.00,1.00)][(32.00,22.00)(47.54,20.00)][(34.00,22.00)(42.94,20.00)][(36.00,22.00)(38.34,20.00)]
[(24.00,22.00)(1.00,1.00)][(26.00,22.00)(2.00,1.00)][(28.00,22.00)(4.00,20.00)][(30.00,22.00)(4.00,1.00)][(32.00,22.00)(48.00,20.00)][(34.00,22.00)(43.40,20.00)][(36.00,22.00)(38.80,20.00)]
[(24.00,22.00)(1.00,1.00)][(26.00,22.00)(2.00,1.00)][(28.00,22.00)(4.46,20.00)][(30.00,22.00)(4.00,20.00)][(32.00,22.00)(5.00,1.00)][(34.00,22.00)(43.86,20.00)][(36.00,22.00)(39.26,20.00)]
[(24.00,22.00)(1.00,1.00)][(26.00,22.00)(2.00,1.00)][(28.00,22.00)(4.92,20.00)][(30.00,22.00)(4.00,20.00)][(32.00,22.00)(5.00,1.00)][(34.00,22.00)(44.32,20.00)][(36.00,22.00)(39.72,20.00)]
[(24.00,22.00)(1.00,1.00)][(26.00,22.00)(2.00,1.00)][(28.00,22.00)(5.38,20.00)][(30.00,22.00)(4.00,20.00)][(32.00,22.00)(5.00,1.00)][(34.00,22.00)(44.78,20.00)][(36.00,22.00)(40.18,20.00)]
[(24.00,22.00)(1.00,1.00)][(26.00,22.00)(2.00,1.00)][(28.00,22.00)(5.84,20.00)][(30.00,22.00)(4.00,20.00)][(32.00,22.00)(5.00,1.00)][(34.00,22.00)(45.24,20.00)][(36.00,22.00)(40.64,20.00)]
[(24.00,22.00)(1.00,1.00)][(26.00,22.00)(2.00,1.00)][(28.00,22.00)(6.30,20.00)][(30.00,22.00)(4.00,20.00)][(32.00,22.00)(5.00,1.00)][(34.00,22.00)(45.70,20.00)][(36.00,22.00)(41.10,20.00)]
[(24.00,22.00)(1.00,1.00)][(26.00,22.00)(2.00,1.00)][(28.00,22.00)(6.76,20.00)][(30.00,22.00)(4.00,20.00)][(32.00,22.00)(5.00,1.00)][(34.00,22.00)(46.16,20.00)][(36.00,22.00)(41.56,20.00)]
[(24.00,22.00)(1.00,1.00)][(26.00,22.00)(2.00,1.00)][(28.00,22.00)(7.22,20.00)][(30.00,22.00)(4.00,20.00)][(32.00,22.00)(5.00,1.00)][(34.00,22.00)(46.62,20.00)][(36.00,22.00)(42.02,20.00)]
[(24.00,22.00)(1.00,1.00)][(26.00,22.00)(2.00,1.00)][(28.00,22.00)(7.68,20.00)][(30.00,22.00)(4.00,20.00)][(32.00,22.00)(5.00,1.00)][(34.00,22.00)(47.08,20.00)][(36.00,22.00)(42.48,20.00)]
[(24.00,22.00)(1.00,1.00)][(26.00,22.00)(2.00,1.00)][(28.00,22.00)(8.14,20.00)][(30.00,22.00)(4.00,20.00)][(32.00,22.00)(5.00,1.00)][(34.00,22.00)(47.54,20.00)][(36.00,22.00)(42.94,20.00)]
[(24.00,22.00)(1.00,1.00)][(26.00,22.00)(2.00,1.00)][(28.00,22.00)(8.60,20.00)][(30.00,22.00)(4.00,20.00)][(32.00,22.00)(5.00,1.00)][(34.00,22.00)(48.00,20.00)][(36.00,22.00)(43.40,20.00)]
[(24.00,22.00)(1.00,1.00)][(26.00,22.00)(2.00,1.00)][(28.00,22.00)(9.06,20.00)][(30.00,22.00)(4.46,20.00)][(32.00,22.00)(4.00,20.00)][(34.00,22.00)(6.00,1.00)][(36.00,22.00)(43.86,20.00)]
[(24.00,22.00)(1.00,1.00)][(26.00,22.00)(2.00,1.00)][(28.00,22.00)(9.52,20.00)][(30.00,22.00)(4.92,20.00)][(32.00,22.00)(4.00,20.00)][(34.00,22.00)(6.00,1.00)][(36.00,22.00)(44.32,20.00)]
[(24.00,22.00)(1.00,1.00)][(26.00,22.00)(2.00,1.00)][(28.00,22.00)(9.98,20.00)][(30.00,22.00)(5.38,20.00)][(32.00,22.00)(4.00,20.00)][(34.00,22.00)(6.00,1.00)][(36.00,22.00)(44.78,20.00)]
[(24.00,22.00)(1.00,1.00)][(26.00,22.00)(2.00,1.00)][(28.00,22.00)(10.44,20.00)][(30.00,22.00)(5.84,20.00)][(32.00,22.00)(4.00,20.00)][(34.00,22.00)(6.00,1.00)][(36.00,22.00)(45.24,20.00)]
[(24.00,22.00)(1.00,1.00)][(26.00,22.00)(2.00,1.00)][(28.00,22.00)(10.90,20.00)][(30.00,22.00)(6.30,20.00)][(32.00,22.00)(4.00,20.00)][(34.00,22.00)(6.00,1.00)][(36.00,22.00)(45.70,20.00)]
[(24.00,22.00)(1.00,1.00)][(26.00,22.00)(2.00,1.00)][(28.00,22.00)(11.36,20.00)][(30.00,22.00)(6.76,20.00)][(32.00,22.00)(4.00,20.00)][(34.00,22.00)(6.00,1.00)][(36.00,22.00)(46.16,20.00)]
[(24.00,22.00)(1.00,1.00)][(26.00,22.00)(2.00,1.00)][(28.00,22.00)(11.82,20.00)][(30.00,22.00)(7.22,20.00)][(32.00,22.00)(4.00,20.00)][(34.00,22.00)(6.00,1.00)][(36.00,22.00)(46.62,20.00)]
[(24.00,22.00)(1.00,1.00)][(26.00,22.00)(2.00,1.00)][(28.00,22.00)(12.28,20.00)][(30.00,22.00)(7.68,20.00)][(32.00,22.00)(4.00,20.00)][(34.00,22.00)(6.00,1.00)][(36.00,22.00)(47.08,20.00)]
[(24.00,22.00)(1.00,1.00)][(26.00,22.00)(2.00,1.00)][(28.00,22.00)(12.74,20.00)][(30.00,22.00)(8.14,20.00)][(32.00,22.00)(4.00,20.00)][(34.00,22.00)(6.00,1.00)][(36.00,22.00)(47.54,20.00)]
[(24.00,22.00)(1.00,1.00)][(26.00,22.00)(2.00,1.00)][(28.00,22.00)(13.20,20.00)][(30.00,22.00)(8.60,20.00)][(32.00,22.00)(4.00,20.00)][(34.00,22.00)(6.00,1.00)][(36.00,22.00)(48.00,20.00)]
[(24.00,22.00)(1.00,1.00)][(26.00,22.00)(2.00,1.00)][(28.00,22.00)(13.66,20.00)][(30.00,22.00)(9.06,20.00)][(32.00,22.00)(4.46,20.00)][(34.00,22.00)(4.00,20.00)][(36.00,22.00)(7.00,1.00)]
[(24.00,22.00)(1.00,1.00)][(26.00,22.00)(2.00,1.00)][(28.00,22.00)(14.12,20.00)][(30.00,22.00)(9.52,20.00)][(32.00,22.00)(4.92,20.00)][(34.00,22.00)(4.00,20.00)][(36.00,22.00)(7.00,1.00)]
[(24.00,22.00)(1.00,1.00)][(26.00,22.00)(2.00,1.00)][(28.00,22.00)(14.58,20.00)][(30.00,22.00)(9.98,20.00)][(32.00,22.00)(5.38,20.00)][(34.00,22.00)(4.00,20.00)][(36.00,22.00)(7.00,1.00)]
[(24.00,22.00)(1.00,1.00)][(26.00,22.00)(2.00,1.00)][(28.00,22.00)(15.04,20.00)][(30.00,22.00)(10.44,20.00)][(32.00,22.00)(5.84,20.00)][(34.00,22.00)(4.00,20.00)][(36.00,22.00)(7.00,1.00)]
[(24.00,22.00)(1.00,1.00)][(26.00,22.00)(2.00,1.00)][(28.00,22.00)(15.50,20.00)][(30.00,22.00)(10.90,20.00)][(32.00,22.00)(6.30,20.00)][(34.00,22.00)(4.00,20.00)][(36.00,22.00)(7.00,1.00)]
[(24.00,22.00)(1.00,1.00)][(26.00,22.00)(2.00,1.00)][(28.00,22.00)(15.96,20.00)][(30.00,22.00)(11.36,20.00)][(32.00,22.00)(6.76,20.00)][(34.00,22.00)(4.00,20.00)][(36.00,22.00)(7.00,1.00)]
[(24.00,22.00)(1.00,1.00)][(26.00,22.00)(2.00,1.00)][(28.00,22.00)(16.42,20.00)][(30.00,22.00)(11.82,20.00)][(32.00,22.00)(7.22,20.00)][(34.00,22.00)(4.00,20.00)][(36.00,22.00)(7.00,1.00)]
[(24.00,22.00)(1.00,1.00)][(26.00,22.00)(2.00,1.00)][(28.00,22.00)(16.88,20.00)][(30.00,22.00)(12.28,20.00)][(32.00,22.00)(7.68,20.00)][(34.00,22.00)(4.00,20.00)][(36.00,22.00)(7.00,1.00)]
[(24.00,22.00)(1.00,1.00)][(26.00,22.00)(2.00,1.00)][(28.00,22.00)(17.34,20.00)][(30.00,22.00)(12.74,20.00)][(32.00,22.00)(8.14,20.00)][(34.00,22.00)(4.00,20.00)][(36.00,22.00)(7.00,1.00)]
[(24.00,22.00)(1.00,1.00)][(26.00,22.00)(2.00,1.00)][(28.00,22.00)(17.80,20.00)][(30.00,22.00)(13.20,20.00)][(32.00,22.00)(8.60,20.00)][(34.00,22.00)(4.00,20.00)][(36.00,22.00)(7.00,1.00)]
[(24.00,22.00)(1.00,1.00)][(26.00,22.00)(2.00,1.00)][(28.00,22.00)(18.26,20.00)][(30.00,22.00)(13.66,20.00)][(32.00,22.00)(9.06,20.00)][(34.00,22.00)(4.46,20.00)][(36.00,22.00)(4.00,20.00)]
[(24.00,22.00)(1.00,1.00)][(26.00,22.00)(2.00,1.00)][(28.00,22.00)(18.72,20.00)][(30.00,22.00)(14.12,20.00)][(32.00,22.00)(9.52,20.00)][(34.00,22.00)(4.92,20.00)][(36.00,22.00)(4.00,20.00)]
[(24.00,22.00)(1.00,1.00)][(26.00,22.00)(2.00,1.00)][(28.00,22.00)(19.18,20.00)][(30.00,22.00)(14.58,20.00)][(32.00,22.00)(9.98,20.00)][(34.00,22.00)(5.38,20.00)][(36.00,22.00)(4.00,20.00)]
[(24.00,22.00)(1.00,1.00)][(26.00,22.00)(2.00,1.00)][(28.00,22.00)(19.64,20.00)][(30.00,22.00)(15.04,20.00)][(32.00,22.00)(10.44,20.00)][(34.00,22.00)(5.84,20.00)][(36.00,22.00)(4.00,20.00)]
[(24.00,22.00)(1.00,1.00)][(26.00,22.00)(2.00,1.00)][(28.00,22.00)(20.10,20.00)][(30.00,22.00)(15.50,20.00)][(32.00,22.00)(10.90,20.00)][(34.00,22.00)(6.30,20.00)][(36.00,22.00)(4.00,20.00)]
[(24.00,22.00)(1.00,1.00)][(26.00,22.00)(2.00,1.00)][(28.00,22.00)(20.56,20.00)][(30.00,22.00)(15.96,20.00)][(32.00,22.00)(11.36,20.00)][(34.00,22.00)(6.76,20.00)][(36.00,22.00)(4.00,20.00)]
[(24.00,22.00)(1.00,1.00)][(26.00,22.00)(2.00,1.00)][(28.00,22.00)(21.02,20.00)][(30.00,22.00)(16.42,20.00)][(32.00,22.00)(11.82,20.00)][(34.00,22.00)(7.22,20.00)][(36.00,22.00)(4.00,20.00)]
[(24.00,22.00)(1.00,1.00)][(26.00,22.00)(2.00,1.00)][(28.00,22.00)(21.48,20.00)][(30.00,22.00)(16.88,20.00)][(32.00,22.00)(12.28,20.00)][(34.00,22.00)(7.68,20.00)][(36.00,22.00)(4.00,20.00)]
[(24.00,22.00)(1.00,1.00)][(26.00,22.00)(2.00,1.00)][(28.00,22.00)(21.94,20.00)][(30.00,22.00)(17.34,20.00)][(32.00,22.00)(12.74,20.00)][(34.00,22.00)(8.14,20.00)][(36.00,22.00)(4.00,20.00)]
[(24.00,22.00)(1.00,1.00)][(26.00,22.00)(2.00,1.00)][(28.00,22.00)(22.40,20.00)][(30.00,22.00)(17.80,20.00)][(32.00,22.00)(13.20,20.00)][(34.00,22.00)(8.60,20.00)][(36.00,22.00)(4.00,20.00)]
[(24.00,22.00)(1.00,1.00)][(26.00,22.00)(2.00,1.00)][(28.00,22.00)(22.86,20.00)][(30.00,22.00)(18.26,20.00)][(32.00,22.00)(13.66,20.00)][(34.00,22.00)(9.06,20.00)][(36.00,22.00)(4.46,20.00)]
[(24.00,22.00)(1.00,1.00)][(26.00,22.00)(2.00,1.00)][(28.00,22.00)(23.32,20.00)][(30.00,22.00)(18.72,20.00)][(32.00,22.00)(14.12,20.00)][(34.00,22.00)(9.52,20.00)][(36.00,22.00)(4.92,20.00)]
[(24.00,22.00)(1.00,1.00)][(26.00,22.00)(2.00,1.00)][(28.00,22.00)(23.78,20.00)][(30.00,22.00)(19.18,20.00)][(32.00,22.00)(14.58,20.00)][(34.00,22.00)(9.98,20.00)][(36.00,22.00)(5.38,20.00)]
[(24.00,22.00)(1.00,1.00)][(26.00,22.00)(2.00,1.00)][(28.00,22.00)(24.24,20.00)][(30.00,22.00)(19.64,20.00)][(32.00,22.00)(15.04,20.00)][(34.00,22.00)(10.44,20.00)][(36.00,22.00)(5.84,20.00)]
[(24.00,22.00)(1.00,1.00)][(26.00,22.00)(2.00,1.00)][(28.00,22.00)(24.70,20.00)][(30.00,22.00)(20.10,20.00)][(32.00,22.00)(15.50,20.00)][(34.00,22.00)(10.90,20.00)][(36.00,22.00)(6.30,20.00)]
[(24.00,22.00)(1.00,1.00)][(26.00,22.00)(2.00,1.00)][(28.00,22.00)(25.16,20.00)][(30.00,22.00)(20.56,20.00)][(32.00,22.00)(15.96,20.00)][(34.00,22.00)(11.36,20.00)][(36.00,22.00)(6.76,20.00)]
[(24.00,22.00)(1.00,1.00)][(26.00,22.00)(2.00,1.00)][(28.00,22.00)(25.62,20.00)][(30.00,22.00)(21.02,20.00)][(32.00,22.00)(16.42,20.00)][(34.00,22.00)(11.82,20.00)][(36.00,22.00)(7.22,20.00)]
[(24.00,22.00)(1.00,1.00)][(26.00,22.00)(2.00,1.00)][(28.00,22.00)(26.08,20.00)][(30.00,22.00)(21.48,20.00)][(32.00,22.00)(16.88,20.00)][(34.00,22.00)(12.28,20.00)][(36.00,22.00)(7.68,20.00)]
[(24.00,22.00)(1.00,1.00)][(26.00,22.00)(2.00,1.00)][(28.00,22.00)(26.54,20.00)][(30.00,22.00)(21.94,20.00)][(32.00,22.00)(17.34,20.00)][(34.00,22.00)(12.74,20.00)][(36.00,22.00)(8.14,20.00)]
[(24.00,22.00)(1.00,1.00)][(26.00,22.00)(2.00,1.00)][(28.00,22.00)(27.00,20.00)][(30.00,22.00)(22.40,20.00)][(32.00,22.00)(17.80,20.00)][(34.00,22.00)(13.20,20.00)][(36.00,22.00)(8.60,20.00)]
[(24.00,22.00)(1.00,1.00)][(26.00,22.00)(2.00,1.00)][(28.00,22.00)(27.46,20.00)][(30.00,22.00)(22.86,20.00)][(32.00,22.00)(18.26,20.00)][(34.00,22.00)(13.66,20.00)][(36.00,22.00)(9.06,20.00)]
[(24.00,22.00)(1.00,1.00)][(26.00,22.00)(2.00,1.00)][(28.00,22.00)(27.92,20.00)][(30.00,22.00)(23.32,20.00)][(32.00,22.00)(18.72,20.00)][(34.00,22.00)(14.12,20.00)][(36.00,22.00)(9.52,20.00)]
[(24.00,22.00)(1.00,1.00)][(26.00,22.00)(2.00,1.00)][(28.00,22.00)(28.38,20.00)][(30.00,22.00)(23.78,20.00)][(32.00,22.00)(19.18,20.00)][(34.00,22.00)(14.58,20.00)][(36.00,22.00)(9.98,20.00)]
[(24.00,22.00)(1.00,1.00)][(26.00,22.00)(2.00,1.00)][(28.00,22.00)(28.84,20.00)][(30.00,22.00)(24.24,20.00)][(32.00,22.00)(19.64,20.00)][(34.00,22.00)(15.04,20.00)][(36.00,22.00)(10.44,20.00)]
[(24.00,22.00)(1.00,1.00)][(26.00,22.00)(2.00,1.00)][(28.00,22.00)(29.30,20.00)][(30.00,22.00)(24.70,20.00)][(32.00,22.00)(20.10,20.00)][(34.00,22.00)(15.50,20.00)][(36.00,22.00)(10.90,20.00)]
[(24.00,22.00)(1.00,1.00)][(26.00,22.00)(2.00,1.00)][(28.00,22.00)(29.76,20.00)][(30.00,22.00)(25.16,20.00)][(32.00,22.00)(20.56,20.00)][(34.00,22.00)(15.96,20.00)][(36.00,22.00)(11.36,20.00)]
[(24.00,22.00)(1.00,1.00)][(26.00,22.00)(2.00,1.00)][(28.00,22.00)(30.22,20.00)][(30.00,22.00)(25.62,20.00)][(32.00,22.00)(21.02,20.00)][(34.00,22.00)(16.42,20.00)][(36.00,22.00)(11.82,20.00)]
[(24.00,22.00)(1.00,1.00)][(26.00,22.00)(2.00,1.00)][(28.00,22.00)(30.68,20.00)][(30.00,22.00)(26.08,20.00)][(32.00,22.00)(21.48,20.00)][(34.00,22.00)(16.88,20.00)][(36.00,22.00)(12.28,20.00)]
[(24.00,22.00)(1.00,1.00)][(26.00,22.00)(2.00,1.00)][(28.00,22.00)(31.14,20.00)][(30.00,22.00)(26.54,20.00)][(32.00,22.00)(21.94,20.00)][(34.00,22.00)(17.34,20.00)][(36.00,22.00)(12.74,20.00)]
[(24.00,22.00)(1.00,1.00)][(26.00,22.00)(2.00,1.00)][(28.00,22.00)(31.60,20.00)][(30.00,22.00)(27.00,20.00)][(32.00,22.00)(22.40,20.00)][(34.00,22.00)(17.80,20.00)][(36.00,22.00)(13.20,20.00)]
[(24.00,22.00)(1.00,1.00)][(26.00,22.00)(2.00,1.00)][(28.00,22.00)(32.06,20.00)][(30.00,22.00)(27.46,20.00)][(32.00,22.00)(22.86,20.00)][(34.00,22.00)(18.26,20.00)][(36.00,22.00)(13.66,20.00)]
[(24.00,22.00)(1.00,1.00)][(26.00,22.00)(2.00,1.00)][(28.00,22.00)(32.52,20.00)][(30.00,22.00)(27.92,20.00)][(32.00,22.00)(23.32,20.00)][(34.00,22.00)(18.72,20.00)][(36.00,22.00)(14.12,20.00)]
[(24.00,22.00)(1.00,1.00)][(26.00,22.00)(2.00,1.00)][(28.00,22.00)(32.98,20.00)][(30.00,22.00)(28.38,20.00)][(32.00,22.00)(23.78,20.00)][(34.00,22.00)(19.18,20.00)][(36.00,22.00)(14.58,20.00)]
[(24.00,22.00)(1.00,1.00)][(26.00,22.00)(2.00,1.00)][(28.00,22.00)(33.44,20.00)][(30.00,22.00)(28.84,20.00)][(32.00,22.00)(24.24,20.00)][(34.00,22.00)(19.64,20.00)][(36.00,22.00)(15.04,20.00)]
[(24.00,22.00)(1.00,1.00)][(26.00,22.00)(2.00,1.00)][(28.00,22.00)(33.90,20.00)][(30.00,22.00)(29.30,20.00)][(32.00,22.00)(24.70,20.00)][(34.00,22.00)(20.10,20.00)][(36.00,22.00)(15.50,20.00)]
[(24.00,22.00)(1.00,1.00)][(26.00,22.00)(2.00,1.00)][(28.00,22.00)(34.36,20.00)][(30.00,22.00)(29.76,20.00)][(32.00,22.00)(25.16,20.00)][(34.00,22.00)(20.56,20.00)][(36.00,22.00)(15.96,20.00)]
[(24.00,22.00)(1.00,1.00)][(26.00,22.00)(2.00,1.00)][(28.00,22.00)(34.82,20.00)][(30.00,22.00)(30.22,20.00)][(32.00,22.00)(25.62,20.00)][(34.00,22.00)(21.02,20.00)][(36.00,22.00)(16.42,20.00)]
[(24.00,22.00)(1.00,1.00)][(26.00,22.00)(2.00,1.00)][(28.00,22.00)(35.28,20.00)][(30.00,22.00)(30.68,20.00)][(32.00,22.00)(26.08,20.00)][(34.00,22.00)(21.48,20.00)][(36.00,22.00)(16.88,20.00)]
[(24.00,22.00)(1.00,1.00)][(26.00,22.00)(2.00,1.00)][(28.00,22.00)(35.74,20.00)][(30.00,22.00)(31.14,20.00)][(32.00,22.00)(26.54,20.00)][(34.00,22.00)(21.94,20.00)][(36.00,22.00)(17.34,20.00)]
[(24.00,22.00)(1.00,1.00)][(26.00,22.00)(2.00,1.00)][(28.00,22.00)(36.20,20.00)][(30.00,22.00)(31.60,20.00)][(32.00,22.00)(27.00,20.00)][(34.00,22.00)(22.40,20.00)][(36.00,22.00)(17.80,20.00)]
[(24.00,22.00)(1.00,1.00)][(26.00,22.00)(2.00,1.00)][(28.00,22.00)(36.66,20.00)][(30.00,22.00)(32.06,20.00)][(32.00,22.00)(27.46,20.00)][(34.00,22.00)(22.86,20.00)][(36.00,22.00)(18.26,20.00)]
[(24.00,22.00)(1.00,1.00)][(26.00,22.00)(2.00,1.00)][(28.00,22.00)(37.12,20.00)][(30.00,22.00)(32.52,20.00)][(32.00,22.00)(27.92,20.00)][(34.00,22.00)(23.32,20.00)][(36.00,22.00)(18.72,20.00)]
[(24.00,22.00)(1.00,1.00)][(26.00,22.00)(2.00,1.00)][(28.00,22.00)(37.58,20.00)][(30.00,22.00)(32.98,20.00)][(32.00,22.00)(28.38,20.00)][(34.00,22.00)(23.78,20.00)][(36.00,22.00)(19.18,20.00)]
[(24.00,22.00)(1.00,1.00)][(26.00,22.00)(2.00,1.00)][(28.00,22.00)(38.04,20.00)][(30.00,22.00)(33.44,20.00)][(32.00,22.00)(28.84,20.00)][(34.00,22.00)(24.24,20.00)][(36.00,22.00)(19.64,20.00)]
[(24.00,22.00)(1.00,1.00)][(26.00,22.00)(2.00,1.00)][(28.00,22.00)(38.50,20.00)][(30.00,22.00)(33.90,20.00)][(32.00,22.00)(29.30,20.00)][(34.00,22.00)(24.70,20.00)][(36.00,22.00)(20.10,20.00)]
[(24.00,22.00)(1.00,1.00)][(26.00,22.00)(2.00,1.00)][(28.00,22.00)(38.96,20.00)][(30.00,22.00)(34.36,20.00)][(32.00,22.00)(29.76,20.00)][(34.00,22.00)(25.16,20.00)][(36.00,22.00)(20.56,20.00)]
[(24.00,22.00)(1.00,1.00)][(26.00,22.00)(2.00,1.00)][(28.00,22.00)(39.42,20.00)][(30.00,22.00)(34.82,20.00)][(32.00,22.00)(30.22,20.00)][(34.00,22.00)(25.62,20.00)][(36.00,22.00)(21.02,20.00)]
[(24.00,22.00)(1.00,1.00)][(26.00,22.00)(2.00,1.00)][(28.00,22.00)(39.88,20.00)][(30.00,22.00)(35.28,20.00)][(32.00,22.00)(30.68,20.00)][(34.00,22.00)(26.08,20.00)][(36.00,22.00)(21.48,20.00)]
[(24.00,22.00)(1.00,1.00)][(26.00,22.00)(2.00,1.00)][(28.00,22.00)(40.34,20.00)][(30.00,22.00)(35.74,20.00)][(32.00,22.00)(31.14,20.00)][(34.00,22.00)(26.54,20.00)][(36.00,22.00)(21.94,20.00)]
[(24.00,22.00)(1.00,1.00)][(26.00,22.00)(2.00,1.00)][(28.00,22.00)(40.80,20.00)][(30.00,22.00)(36.20,20.00)][(32.00,22.00)(31.60,20.00)][(34.00,22.00)(27.00,20.00)][(36.00,22.00)(22.40,20.00)]
[(24.00,22.00)(1.00,1.00)][(26.00,22.00)(2.00,1.00)][(28.00,22.00)(41.26,20.00)][(30.00,22.00)(36.66,20.00)][(32.00,22.00)(32.06,20.00)][(34.00,22.00)(27.46,20.00)][(36.00,22.00)(22.86,20.00)]
[(24.00,22.00)(1.00,1.00)][(26.00,22.00)(2.00,1.00)][(28.00,22.00)(41.72,20.00)][(30.00,22.00)(37.12,20.00)][(32.00,22.00)(32.52,20.00)][(34.00,22.00)(27.92,20.00)][(36.00,22.00)(23.32,20.00)]
[(24.00,22.00)(1.00,1.00)][(26.00,22.00)(2.00,1.00)][(28.00,22.00)(42.18,20.00)][(30.00,22.00)(37.58,20.00)][(32.00,22.00)(32.98,20.00)][(34.00,22.00)(28.38,20.00)][(36.00,22.00)(23.78,20.00)]
[(24.00,22.00)(1.00,1.00)][(26.00,22.00)(2.00,1.00)][(28.00,22.00)(42.64,20.00)][(30.00,22.00)(38.04,20.00)][(32.00,22.00)(33.44,20.00)][(34.00,22.00)(28.84,20.00)][(36.00,22.00)(24.24,20.00)]
[(24.00,22.00)(1.00,1.00)][(26.00,22.00)(2.00,1.00)][(28.00,22.00)(43.10,20.00)][(30.00,22.00)(38.50,20.00)][(32.00,22.00)(33.90,20.00)][(34.00,22.00)(29.30,20.00)][(36.00,22.00)(24.70,20.00)]
[(24.00,22.00)(1.00,1.00)][(26.00,22.00)(2.00,1.00)][(28.00,22.00)(43.56,20.00)][(30.00,22.00)(38.96,20.00)][(32.00,22.00)(34.36,20.00)][(34.00,22.00)(29.76,20.00)][(36.00,22.00)(25.16,20.00)]
[(24.00,22.00)(1.00,1.00)][(26.00,22.00)(2.00,1.00)][(28.00,22.00)(44.02,20.00)][(30.00,22.00)(39.42,20.00)][(32.00,22.00)(34.82,20.00)][(34.00,22.00)(30.22,20.00)][(36.00,22.00)(25.62,20.00)]
[(24.00,22.00)(1.00,1.00)][(26.00,22.00)(2.00,1.00)][(28.00,22.00)(44.48,20.00)][(30.00,22.00)(39.88,20.00)][(32.00,22.00)(35.28,20.00)][(34.00,22.00)(30.68,20.00)][(36.00,22.00)(26.08,20.00)]
[(24.00,22.00)(1.00,1.00)][(26.00,22.00)(2.00,1.00)][(28.00,22.00)(44.94,20.00)][(30.00,22.00)(40.34,20.00)][(32.00,22.00)(35.74,20.00)][(34.00,22.00)(31.14,20.00)][(36.00,22.00)(26.54,20.00)]
[(24.00,22.00)(1.00,1.00)][(26.00,22.00)(2.00,1.00)][(28.00,22.00)(45.40,20.00)][(30.00,22.00)(40.80,20.00)][(32.00,22.00)(36.20,20.00)][(34.00,22.00)(31.60,20.00)][(36.00,22.00)(27.00,20.00)]
[(24.00,22.00)(1.00,1.00)][(26.00,22.00)(2.00,1.00)][(28.00,22.00)(45.86,20.00)][(30.00,22.00)(41.26,20.00)][(32.00,22.00)(36.66,20.00)][(34.00,22.00)(32.06,20.00)][(36.00,22.00)(27.46,20.00)]
[(24.00,22.00)(1.00,1.00)][(26.00,22.00)(2.00,1.00)][(28.00,22.00)(46.32,20.00)][(30.00,22.00)(41.72,20.00)][(32.00,22.00)(37.12,20.00)][(34.00,22.00)(32.52,20.00)][(36.00,22.00)(27.92,20.00)]
[(24.00,22.00)(1.00,1.00)][(26.00,22.00)(2.00,1.00)][(28.00,22.00)(46.78,20.00)][(30.00,22.00)(42.18,20.00)][(32.00,22.00)(37.58,20.00)][(34.00,22.00)(32.98,20.00)][(36.00,22.00)(28.38,20.00)]
[(24.00,22.00)(1.00,1.00)][(26.00,22.00)(2.00,1.00)][(28.00,22.00)(47.24,20.00)][(30.00,22.00)(42.64,20.00)][(32.00,22.00)(38.04,20.00)][(34.00,22.00)(33.44,20.00)][(36.00,22.00)(28.84,20.00)]
[(24.00,22.00)(1.00,1.00)][(26.00,22.00)(2.00,1.00)][(28.00,22.00)(47.70,20.00)][(30.00,22.00)(43.10,20.00)][(32.00,22.00)(38.50,20.00)][(34.00,22.00)(33.90,20.00)][(36.00,22.00)(29.30,20.00)]
[(24.00,22.00)(1.00,1.00)][(26.00,22.00)(2.00,1.00)][(28.00,22.00)(48.16,20.00)][(30.00,22.00)(43.56,20.00)][(32.00,22.00)(38.96,20.00)][(34.00,22.00)(34.36,20.00)][(36.00,22.00)(29.76,20.00)]
[(24.00,22.00)(1.00,1.00)][(26.00,22.00)(2.00,1.00)][(28.00,22.00)(48.62,20.00)][(30.00,22.00)(44.02,20.00)][(32.00,22.00)(39.42,20.00)][(34.00,22.00)(34.82,20.00)][(36.00,22.00)(30.22,20.00)]
[(24.00,22.00)(1.00,1.00)][(26.00,22.00)(2.00,1.00)][(28.00,22.00)(49.08,20.00)][(30.00,22.00)(44.48,20.00)][(32.00,22.00)(39.88,20.00)][(34.00,22.00)(35.28,20.00)][(36.00,22.00)(30.68,20.00)]
[(24.00,22.00)(1.00,1.00)][(26.00,22.00)(2.00,1.00)][(28.00,22.00)(49.54,20.00)][(30.00,22.00)(44.94,20.00)][(32.00,22.00)(40.34,20.00)][(34.00,22.00)(35.74,20.00)][(36.00,22.00)(31.14,20.00)]
[(24.00,22.00)(1.00,1.00)][(26.00,22.00)(2.00,1.00)][(28.00,22.00)(50.00,20.00)][(30.00,22.00)(45.40,20.00)][(32.00,22.00)(40.80,20.00)][(34.00,22.00)(36.20,20.00)][(36.00,22.00)(31.60,20.00)]
[(24.00,22.00)(1.00,1.00)][(26.00,22.00)(2.00,1.00)][(28.00,22.00)(3.00,1.00)][(30.00,22.00)(45.86,20.00)][(32.00,22.00)(41.26,20.00)][(34.00,22.00)(36.66,20.00)][(36.00,22.00)(32.06,20.00)]
[(24.00,22.00)(1.00,1.00)][(26.00,22.00)(2.00,1.00)][(28.00,22.00)(3.00,1.00)][(30.00,22.00)(46.32,20.00)][(32.00,22.00)(41.72,20.00)][(34.00,22.00)(37.12,20.00)][(36.00,22.00)(32.52,20.00)]
[(24.00,22.00)(1.00,1.00)][(26.00,22.00)(2.00,1.00)][(28.00,22.00)(3.00,1.00)][(30.00,22.00)(46.78,20.00)][(32.00,22.00)(42.18,20.00)][(34.00,22.00)(37.58,20.00)][(36.00,22.00)(32.98,20.00)]
[(24.00,22.00)(1.00,1.00)][(26.00,22.00)(2.00,1.00)][(28.00,22.00)(3.00,1.00)][(30.00,22.00)(47.24,20.00)][(32.00,22.00)(42.64,20.00)][(34.00,22.00)(38.04,20.00)][(36.00,22.00)(33.44,20.00)]
[(24.00,22.00)(1.00,1.00)][(26.00,22.00)(2.00,1.00)][(28.00,22.00)(3.00,1.00)][(30.00,22.00)(47.70,20.00)][(32.00,22.00)(43.10,20.00)][(34.00,22.00)(38.50,20.00)][(36.00,22.00)(33.90,20.00)]
[(24.00,22.00)(1.00,1.00)][(26.00,22.00)(2.00,1.00)][(28.00,22.00)(3.00,1.00)][(30.00,22.00)(48.16,20.00)][(32.00,22.00)(43.56,20.00)][(34.00,22.00)(38.96,20.00)][(36.00,22.00)(34.36,20.00)]
[(24.00,22.00)(1.00,1.00)][(26.00,22.00)(2.00,1.00)][(28.00,22.00)(3.00,1.00)][(30.00,22.00)(48.62,20.00)][(32.00,22.00)(44.02,20.00)][(34.00,22.00)(39.42,20.00)][(36.00,22.00)(34.82,20.00)]
[(24.00,22.00)(1.00,1.00)][(26.00,22.00)(2.00,1.00)][(28.00,22.00)(3.00,1.00)][(30.00,22.00)(49.08,20.00)][(32.00,22.00)(44.48,20.00)][(34.00,22.00)(39.88,20.00)][(36.00,22.00)(35.28,20.00)]
[(24.00,22.00)(1.00,1.00)][(26.00,22.00)(2.00,1.00)][(28.00,22.00)(3.00,1.00)][(30.00,22.00)(49.54,20.00)][(32.00,22.00)(44.94,20.00)][(34.00,22.00)(40.34,20.00)][(36.00,22.00)(35.74,20.00)]
[(24.00,22.00)(1.00,1.00)][(26.00,22.00)(2.00,1.00)][(28.00,22.00)(3.00,1.00)][(30.00,22.00)(50.00,20.00)][(32.00,22.00)(45.40,20.00)][(34.00,22.00)(40.80,20.00)][(36.00,22.00)(36.20,20.00)]
[(24.00,22.00)(1.00,1.00)][(26.00,22.00)(2.00,1.00)][(28.00,22.00)(3.00,1.00)][(30.00,22.00)(4.00,1.00)][(32.00,22.00)(45.86,20.00)][(34.00,22.00)(41.26,20.00)][(36.00,22.00)(36.66,20.00)]
[(24.00,22.00)(1.00,1.00)][(26.00,22.00)(2.00,1.00)][(28.00,22.00)(3.00,1.00)][(30.00,22.00)(4.00,1.00)][(32.00,22.00)(46.32,20.00)][(34.00,22.00)(41.72,20.00)][(36.00,22.00)(37.12,20.00)]
[(24.00,22.00)(1.00,1.00)][(26.00,22.00)(2.00,1.00)][(28.00,22.00)(3.00,1.00)][(30.00,22.00)(4.00,1.00)][(32.00,22.00)(46.78,20.00)][(34.00,22.00)(42.18,20.00)][(36.00,22.00)(37.58,20.00)]
[(24.00,22.00)(1.00,1.00)][(26.00,22.00)(2.00,1.00)][(28.00,22.00)(3.00,1.00)][(30.00,22.00)(4.00,1.00)][(32.00,22.00)(47.24,20.00)][(34.00,22.00)(42.64,20.00)][(36.00,22.00)(38.04,20.00)]
[(24.00,22.00)(1.00,1.00)][(26.00,22.00)(2.00,1.00)][(28.00,22.00)(3.00,1.00)][(30.00,22.00)(4.00,1.00)][(32.00,22.00)(47.70,20.00)][(34.00,22.00)(43.10,20.00)][(36.00,22.00)(38.50,20.00)]
[(24.00,22.00)(1.00,1.00)][(26.00,22.00)(2.00,1.00)][(28.00,22.00)(3.00,1.00)][(30.00,22.00)(4.00,1.00)][(32.00,22.00)(48.16,20.00)][(34.00,22.00)(43.56,20.00)][(36.00,22.00)(38.96,20.00)]
[(24.00,22.00)(1.00,1.00)][(26.00,22.00)(2.00,1.00)][(28.00,22.00)(3.00,1.00)][(30.00,22.00)(4.00,1.00)][(32.00,22.00)(48.62,20.00)][(34.00,22.00)(44.02,20.00)][(36.00,22.00)(39.42,20.00)]
[(24.00,22.00)(1.00,1.00)][(26.00,22.00)(2.00,1.00)][(28.00,22.00)(3.00,1.00)][(30.00,22.00)(4.00,1.00)][(32.00,22.00)(49.08,20.00)][(34.00,22.00)(44.48,20.00)][(36.00,22.00)(39.88,20.00)]
[(24.00,22.00)(1.00,1.00)][(26.00,22.00)(2.00,1.00)][(28.00,22.00)(3.00,1.00)][(30.00,22.00)(4.00,1.00)][(32.00,22.00)(49.54,20.00)][(34.00,22.00)(44.94,20.00)][(36.00,22.00)(40.34,20.00)]
[(24.00,22.00)(1.00,1.00)][(26.00,22.00)(2.00,1.00)][(28.00,22.00)(3.00,1.00)][(30.00,22.00)(4.00,1.00)][(32.00,22.00)(50.00,20.00)][(34.00,22.00)(45.40,20.00)][(36.00,22.00)(40.80,20.00)]
[(24.00,22.00)(1.00,1.00)][(26.00,22.00)(2.00,1.00)][(28.00,22.00)(3.00,1.00)][(30.00,22.00)(4.00,1.00)][(32.00,22.00)(5.00,1.00)][(34.00,22.00)(45.86,20.00)][(36.00,22.00)(41.26,20.00)]
[(24.00,22.00)(1.00,1.00)][(26.00,22.00)(2.00,1.00)][(28.00,22.00)(3.00,1.00)][(30.00,22.00)(4.00,1.00)][(32.00,22.00)(5.00,1.00)][(34.00,22.00)(46.32,20.00)][(36.00,22.00)(41.72,20.00)]
[(24.00,22.00)(1.00,1.00)][(26.00,22.00)(2.00,1.00)][(28.00,22.00)(3.00,1.00)][(30.00,22.00)(4.00,1.00)][(32.00,22.00)(5.00,1.00)][(34.00,22.00)(46.78,20.00)][(36.00,22.00)(42.18,20.00)]
[(24.00,22.00)(1.00,1.00)][(26.00,22.00)(2.00,1.00)][(28.00,22.00)(3.00,1.00)][(30.00,22.00)(4.00,1.00)][(32.00,22.00)(5.00,1.00)][(34.00,22.00)(47.24,20.00)][(36.00,22.00)(42.64,20.00)]
[(24.00,22.00)(1.00,1.00)][(26.00,22.00)(2.00,1.00)][(28.00,22.00)(3.00,1.00)][(30.00,22.00)(4.00,1.00)][(32.00,22.00)(5.00,1.00)][(34.00,22.00)(47.70,20.00)][(36.00,22.00)(43.10,20.00)]
[(24.00,22.00)(1.00,1.00)][(26.00,22.00)(2.00,1.00)][(28.00,22.00)(3.00,1.00)][(30.00,22.00)(4.00,1.00)][(32.00,22.00)(5.00,1.00)][(34.00,22.00)(48.16,20.00)][(36.00,22.00)(43.56,20.00)]
[(24.00,22.00)(1.00,1.00)][(26.00,22.00)(2.00,1.00)][(28.00,22.00)(3.00,1.00)][(30.00,22.00)(4.00,1.00)][(32.00,22.00)(5.00,1.00)][(34.00,22.00)(48.62,20.00)][(36.00,22.00)(44.02,20.00)]
[(24.00,22.00)(1.00,1.00)][(26.00,22.00)(2.00,1.00)][(28.00,22.00)(3.00,1.00)][(30.00,22.00)(4.00,1.00)][(32.00,22.00)(5.00,1.00)][(34.00,22.00)(49.08,20.00)][(36.00,22.00)(44.48,20.00)]
[(24.00,22.00)(1.00,1.00)][(26.00,22.00)(2.00,1.00)][(28.00,22.00)(3.00,1.00)][(30.00,22.00)(4.00,1.00)][(32.00,22.00)(5.00,1.00)][(34.00,22.00)(49.54,20.00)][(36.00,22.00)(44.94,20.00)]
[(24.00,22.00)(1.00,1.00)][(26.00,22.00)(2.00,1.00)][(28.00,22.00)(3.00,1.00)][(30.00,22.00)(4.00,1.00)][(32.00,22.00)(5.00,1.00)][(34.00,22.00)(50.00,20.00)][(36.00,22.00)(45.40,20.00)]
[(24.00,22.00)(1.00,1.00)][(26.00,22.00)(2.00,1.00)][(28.00,22.00)(3.00,1.00)][(30.00,22.00)(4.00,1.00)][(32.00,22.00)(5.00,1.00)][(34.00,22.00)(6.00,1.00)][(36.00,22.00)(45.86,20.00)]
[(24.00,22.00)(1.00,1.00)][(26.00,22.00)(2.00,1.00)][(28.00,22.00)(3.00,1.00)][(30.00,22.00)(4.00,1.00)][(32.00,22.00)(5.00,1.00)][(34.00,22.00)(6.00,1.00)][(36.00,22.00)(46.32,20.00)]
[(24.00,22.00)(1.00,1.00)][(26.00,22.00)(2.00,1.00)][(28.00,22.00)(3.00,1.00)][(30.00,22.00)(4.00,1.00)][(32.00,22.00)(5.00,1.00)][(34.00,22.00)(6.00,1.00)][(36.00,22.00)(46.78,20.00)]
[(24.00,22.00)(1.00,1.00)][(26.00,22.00)(2.00,1.00)][(28.00,22.00)(3.00,1.00)][(30.00,22.00)(4.00,1.00)][(32.00,22.00)(5.00,1.00)][(34.00,22.00)(6.00,1.00)][(36.00,22.00)(47.24,20.00)]
[(24.00,22.00)(1.00,1.00)][(26.00,22.00)(2.00,1.00)][(28.00,22.00)(3.00,1.00)][(30.00,22.00)(4.00,1.00)][(32.00,22.00)(5.00,1.00)][(34.00,22.00)(6.00,1.00)][(36.00,22.00)(47.70,20.00)]
[(24.00,22.00)(1.00,1.00)][(26.00,22.00)(2.00,1.00)][(28.00,22.00)(3.00,1.00)][(30.00,22.00)(4.00,1.00)][(32.00,22.00)(5.00,1.00)][(34.00,22.00)(6.00,1.00)][(36.00,22.00)(48.16,20.00)]
[(24.00,22.00)(1.00,1.00)][(26.00,22.00)(2.00,1.00)][(28.00,22.00)(3.00,1.00)][(30.00,22.00)(4.00,1.00)][(32.00,22.00)(5.00,1.00)][(34.00,22.00)(6.00,1.00)][(36.00,22.00)(48.62,20.00)]
[(24.00,22.00)(1.00,1.00)][(26.00,22.00)(2.00,1.00)][(28.00,22.00)(3.00,1.00)][(30.00,22.00)(4.00,1.00)][(32.00,22.00)(5.00,1.00)][(34.00,22.00)(6.00,1.00)][(36.00,22.00)(49.08,20.00)]
[(24.00,22.00)(1.00,1.00)][(26.00,22.00)(2.00,1.00)][(28.00,22.00)(3.00,1.00)][(30.00,22.00)(4.00,1.00)][(32.00,22.00)(5.00,1.00)][(34.00,22.00)(6.00,1.00)][(36.00,22.00)(49.54,20.00)]
[(24.00,22.00)(1.00,1.00)][(26.00,22.00)(2.00,1.00)][(28.00,22.00)(3.00,1.00)][(30.00,22.00)(4.00,1.00)][(32.00,22.00)(5.00,1.00)][(34.00,22.00)(6.00,1.00)][(36.00,22.00)(50.00,20.00)]
[(24.00,22.00)(1.00,1.00)][(26.00,22.00)(2.00,1.00)][(28.00,22.00)(3.00,1.00)][(30.00,22.00)