8
[(2.00,2.00)(2.00,2.00)][(2.00,2.00)(2.00,2.00)][(2.00,6.00)(2.00,6.00)][(2.00,6.00)(2.00,6.00)][(6.00,6.00)(6.00,6.00)][(6.00,6.00)(6.00,6.00)][(6.00,2.00)(6.00,2.00)][(6.00,2.00)(6.00,2.00)]
[(2.02,2.02)(2.02,2.02)][(2.02,2.02)(2.02,2.02)][(2.02,5.98)(2.02,5.98)][(2.02,5.98)(2.02,5.98)][(5.98,5.98)(5.98,5.98)][(5.98,5.98)(5.98,5.98)][(5.98,2.02)(5.98,2.02)][(5.98,2.02)(5.98,2.02)]
[(2.04,2.04)(2.04,2.04)][(2.04,2.04)(2.04,2.04)][(2.04,5.96)(2.04,5.96)][(2.04,5.96)(2.04,5.96)][(5.96,5.96)(5.96,5.96)][(5.96,5.96)(5.96,5.96)][(5.96,2.04)(5.96,2.04)][(5.96,2.04)(5.96,2.04)]
[(2.06,2.06)(2.06,2.06)][(2.06,2.06)(2.06,2.06)][(2.06,5.94)(2.06,5.94)][(2.06,5.94)(2.06,5.94)][(5.94,5.94)(5.94,5.94)][(5.94,5.94)(5.94,5.94)][(5.94,2.06)(5.94,2.06)][(5.94,2.06)(5.94,2.06)]
[(2.08,2.08)(2.08,2.08)][(2.08,2.08)(2.08,2.08)][(2.08,5.92)(2.08,5.92)][(2.08,5.92)(2.08,5.92)][(5.92,5.92)(5.92,5.92)][(5.92,5.92)(5.92,5.92)][(5.92,2.08)(5.92,2.08)][(5.92,2.08)(5.92,2.08)]
[(2.10,2.10)(2.10,2.10)][(2.10,2.10)(2.10,2.10)][(2.10,5.90)(2.10,5.90)][(2.10,5.90)(2.10,5.90)][(5.90,5.90)(5.90,5.90)][(5.90,5.90)(5.90,5.90)][(5.90,2.10)(5.90,2.10)][(5.90,2.10)(5.90,2.10)]
[(2.12,2.12)(2.12,2.12)][(2.12,2.12)(2.12,2.12)][(2.12,5.88)(2.12,5.88)][(2.12,5.88)(2.12,5.88)][(5.88,5.88)(5.88,5.88)][(5.88,5.88)(5.88,5.88)][(5.88,2.12)(5.88,2.12)][(5.88,2.12)(5.88,2.12)]
[(2.14,2.14)(2.14,2.14)][(2.14,2.14)(2.14,2.14)][(2.14,5.86)(2.14,5.86)][(2.14,5.86)(2.14,5.86)][(5.86,5.86)(5.86,5.86)][(5.86,5.86)(5.86,5.86)][(5.86,2.14)(5.86,2.14)][(5.86,2.14)(5.86,2.14)]
[(2.16,2.16)(2.16,2.16)][(2.16,2.16)(2.16,2.16)][(2.16,5.84)(2.16,5.84)][(2.16,5.84)(2.16,5.84)][(5.84,5.84)(5.84,5.84)][(5.84,5.84)(5.84,5.84)][(5.84,2.16)(5.84,2.16)][(5.84,2.16)(5.84,2.16)]
[(2.18,2.18)(2.18,2.18)][(2.18,2.18)(2.18,2.18)][(2.18,5.82)(2.18,5.82)][(2.18,5.82)(2.18,5.82)][(5.82,5.82)(5.82,5.82)][(5.82,5.82)(5.82,5.82)][(5.82,2.18)(5.82,2.18)][(5.82,2.18)(5.82,2.18)]
[(2.20,2.20)(2.20,2.20)][(2.20,2.20)(2.20,2.20)][(2.20,5.80)(2.20,5.80)][(2.20,5.80)(2.20,5.80)][(5.80,5.80)(5.80,5.80)][(5.80,5.80)(5.80,5.80)][(5.80,2.20)(5.80,2.20)][(5.80,2.20)(5.80,2.20)]
[(2.22,2.22)(2.22,2.22)][(2.22,2.22)(2.22,2.22)][(2.22,5.78)(2.22,5.78)][(2.22,5.78)(2.22,5.78)][(5.78,5.78)(5.78,5.78)][(5.78,5.78)(5.78,5.78)][(5.78,2.22)(5.78,2.22)][(5.78,2.22)(5.78,2.22)]
[(2.24,2.24)(2.24,2.24)][(2.24,2.24)(2.24,2.24)][(2.24,5.76)(2.24,5.76)][(2.24,5.76)(2.24,5.76)][(5.76,5.76)(5.76,5.76)][(5.76,5.76)(5.76,5.76)][(5.76,2.24)(5.76,2.24)][(5.76,2.24)(5.76,2.24)]
[(2.26,2.26)(2.26,2.26)][(2.26,2.26)(2.26,2.26)][(2.26,5.74)(2.26,5.74)][(2.26,5.74)(2.26,5.74)][(5.74,5.74)(5.74,5.74)][(5.74,5.74)(5.74,5.74)][(5.74,2.26)(5.74,2.26)][(5.74,2.26)(5.74,2.26)]
[(2.28,2.28)(2.28,2.28)][(2.28,2.28)(2.28,2.28)][(2.28,5.72)(2.28,5.72)][(2.28,5.72)(2.28,5.72)][(5.72,5.72)(5.72,5.72)][(5.72,5.72)(5.72,5.72)][(5.72,2.28)(5.72,2.28)][(5.72,2.28)(5.72,2.28)]
[(2.30,2.30)(2.30,2.30)][(2.30,2.30)(2.30,2.30)][(2.30,5.70)(2.30,5.70)][(2.30,5.70)(2.30,5.70)][(5.70,5.70)(5.70,5.70)][(5.70,5.70)(5.70,5.70)][(5.70,2.30)(5.70,2.30)][(5.70,2.30)(5.70,2.30)]
[(2.32,2.32)(2.32,2.32)][(2.32,2.32)(2.32,2.32)][(2.32,5.68)(2.32,5.68)][(2.32,5.68)(2.32,5.68)][(5.68,5.68)(5.68,5.68)][(5.68,5.68)(5.68,5.68)][(5.68,2.32)(5.68,2.32)][(5.68,2.32)(5.68,2.32)]
[(2.34,2.34)(2.34,2.34)][(2.34,2.34)(2.34,2.34)][(2.34,5.66)(2.34,5.66)][(2.34,5.66)(2.34,5.66)][(5.66,5.66)(5.66,5.66)][(5.66,5.66)(5.66,5.66)][(5.66,2.34)(5.66,2.34)][(5.66,2.34)(5.66,2.34)]
[(2.36,2.36)(2.36,2.36)][(2.36,2.36)(2.36,2.36)][(2.36,5.64)(2.36,5.64)][(2.36,5.64)(2.36,5.64)][(5.64,5.64)(5.64,5.64)][(5.64,5.64)(5.64,5.64)][(5.64,2.36)(5.64,2.36)][(5.64,2.36)(5.64,2.36)]
[(2.38,2.38)(2.38,2.38)][(2.38,2.38)(2.38,2.38)][(2.38,5.62)(2.38,5.62)][(2.38,5.62)(2.38,5.62)][(5.62,5.62)(5.62,5.62)][(5.62,5.62)(5.62,5.62)][(5.62,2.38)(5.62,2.38)][(5.62,2.38)(5.62,2.38)]
[(2.40,2.40)(2.40,2.40)][(2.40,2.40)(2.40,2.40)][(2.40,5.60)(2.40,5.60)][(2.40,5.60)(2.40,5.60)][(5.60,5.60)(5.60,5.60)][(5.60,5.60)(5.60,5.60)][(5.60,2.40)(5.60,2.40)][(5.60,2.40)(5.60,2.40)]
[(2.42,2.42)(2.42,2.42)][(2.42,2.42)(2.42,2.42)][(2.42,5.58)(2.42,5.58)][(2.42,5.58)(2.42,5.58)][(5.58,5.58)(5.58,5.58)][(5.58,5.58)(5.58,5.58)][(5.58,2.42)(5.58,2.42)][(5.58,2.42)(5.58,2.42)]
[(2.44,2.44)(2.44,2.44)][(2.44,2.44)(2.44,2.44)][(2.44,5.56)(2.44,5.56)][(2.44,5.56)(2.44,5.56)][(5.56,5.56)(5.56,5.56)][(5.56,5.56)(5.56,5.56)][(5.56,2.44)(5.56,2.44)][(5.56,2.44)(5.56,2.44)]
[(2.46,2.46)(2.46,2.46)][(2.46,2.46)(2.46,2.46)][(2.46,5.54)(2.46,5.54)][(2.46,5.54)(2.46,5.54)][(5.54,5.54)(5.54,5.54)][(5.54,5.54)(5.54,5.54)][(5.54,2.46)(5.54,2.46)][(5.54,2.46)(5.54,2.46)]
[(2.48,2.48)(2.48,2.48)][(2.48,2.48)(2.48,2.48)][(2.48,5.52)(2.48,5.52)][(2.48,5.52)(2.48,5.52)][(5.52,5.52)(5.52,5.52)][(5.52,5.52)(5.52,5.52)][(5.52,2.48)(5.52,2.48)][(5.52,2.48)(5.52,2.48)]
[(2.50,2.50)(2.50,2.50)][(2.50,2.50)(2.50,2.50)][(2.50,5.50)(2.50,5.50)][(2.50,5.50)(2.50,5.50)][(5.50,5.50)(5.50,5.50)][(5.50,5.50)(5.50,5.50)][(5.50,2.50)(5.50,2.50)][(5.50,2.50)(5.50,2.50)]
[(2.52,2.52)(2.52,2.52)][(2.52,2.52)(2.52,2.52)][(2.52,5.48)(2.52,5.48)][(2.52,5.48)(2.52,5.48)][(5.48,5.48)(5.48,5.48)][(5.48,5.48)(5.48,5.48)][(5.48,2.52)(5.48,2.52)][(5.48,2.52)(5.48,2.52)]
[(2.54,2.54)(2.54,2.54)][(2.54,2.54)(2.54,2.54)][(2.54,5.46)(2.54,5.46)][(2.54,5.46)(2.54,5.46)][(5.46,5.46)(5.46,5.46)][(5.46,5.46)(5.46,5.46)][(5.46,2.54)(5.46,2.54)][(5.46,2.54)(5.46,2.54)]
[(2.56,2.56)(2.56,2.56)][(2.56,2.56)(2.56,2.56)][(2.56,5.44)(2.56,5.44)][(2.56,5.44)(2.56,5.44)][(5.44,5.44)(5.44,5.44)][(5.44,5.44)(5.44,5.44)][(5.44,2.56)(5.44,2.56)][(5.44,2.56)(5.44,2.56)]
[(2.58,2.58)(2.58,2.58)][(2.58,2.58)(2.58,2.58)][(2.58,5.42)(2.58,5.42)][(2.58,5.42)(2.58,5.42)][(5.42,5.42)(5.42,5.42)][(5.42,5.42)(5.42,5.42)][(5.42,2.58)(5.42,2.58)][(5.42,2.58)(5.42,2.58)]
[(2.60,2.60)(2.60,2.60)][(2.60,2.60)(2.60,2.60)][(2.60,5.40)(2.60,5.40)][(2.60,5.40)(2.60,5.40)][(5.40,5.40)(5.40,5.40)][(5.40,5.40)(5.40,5.40)][(5.40,2.60)(5.40,2.60)][(5.40,2.60)(5.40,2.60)]
[(2.62,2.62)(2.62,2.62)][(2.62,2.62)(2.62,2.62)][(2.62,5.38)(2.62,5.38)][(2.62,5.38)(2.62,5.38)][(5.38,5.38)(5.38,5.38)][(5.38,5.38)(5.38,5.38)][(5.38,2.62)(5.38,2.62)][(5.38,2.62)(5.38,2.62)]
[(2.64,2.64)(2.64,2.64)][(2.64,2.64)(2.64,2.64)][(2.64,5.36)(2.64,5.36)][(2.64,5.36)(2.64,5.36)][(5.36,5.36)(5.36,5.36)][(5.36,5.36)(5.36,5.36)][(5.36,2.64)(5.36,2.64)][(5.36,2.64)(5.36,2.64)]
[(2.66,2.66)(2.66,2.66)][(2.66,2.66)(2.66,2.66)][(2.66,5.34)(2.66,5.34)][(2.66,5.34)(2.66,5.34)][(5.34,5.34)(5.34,5.34)][(5.34,5.34)(5.34,5.34)][(5.34,2.66)(5.34,2.66)][(5.34,2.66)(5.34,2.66)]
[(2.68,2.68)(2.68,2.68)][(2.68,2.68)(2.68,2.68)][(2.68,5.32)(2.68,5.32)][(2.68,5.32)(2.68,5.32)][(5.32,5.32)(5.32,5.32)][(5.32,5.32)(5.32,5.32)][(5.32,2.68)(5.32,2.68)][(5.32,2.68)(5.32,2.68)]
[(2.70,2.70)(2.70,2.70)][(2.70,2.70)(2.70,2.70)][(2.70,5.30)(2.70,5.30)][(2.70,5.30)(2.70,5.30)][(5.30,5.30)(5.30,5.30)][(5.30,5.30)(5.30,5.30)][(5.30,2.70)(5.30,2.70)][(5.30,2.70)(5.30,2.70)]
[(2.72,2.72)(2.72,2.72)][(2.72,2.72)(2.72,2.72)][(2.72,5.28)(2.72,5.28)][(2.72,5.28)(2.72,5.28)][(5.28,5.28)(5.28,5.28)][(5.28,5.28)(5.28,5.28)][(5.28,2.72)(5.28,2.72)][(5.28,2.72)(5.28,2.72)]
[(2.74,2.74)(2.74,2.74)][(2.74,2.74)(2.74,2.74)][(2.74,5.26)(2.74,5.26)][(2.74,5.26)(2.74,5.26)][(5.26,5.26)(5.26,5.26)][(5.26,5.26)(5.26,5.26)][(5.26,2.74)(5.26,2.74)][(5.26,2.74)(5.26,2.74)]
[(2.76,2.76)(2.76,2.76)][(2.76,2.76)(2.76,2.76)][(2.76,5.24)(2.76,5.24)][(2.76,5.24)(2.76,5.24)][(5.24,5.24)(5.24,5.24)][(5.24,5.24)(5.24,5.24)][(5.24,2.76)(5.24,2.76)][(5.24,2.76)(5.24,2.76)]
[(2.78,2.78)(2.78,2.78)][(2.78,2.78)(2.78,2.78)][(2.78,5.22)(2.78,5.22)][(2.78,5.22)(2.78,5.22)][(5.22,5.22)(5.22,5.22)][(5.22,5.22)(5.22,5.22)][(5.22,2.78)(5.22,2.78)][(5.22,2.78)(5.22,2.78)]
[(2.80,2.80)(2.80,2.80)][(2.80,2.80)(2.80,2.80)][(2.80,5.20)(2.80,5.20)][(2.80,5.20)(2.80,5.20)][(5.20,5.20)(5.20,5.20)][(5.20,5.20)(5.20,5.20)][(5.20,2.80)(5.20,2.80)][(5.20,2.80)(5.20,2.80)]
[(2.82,2.82)(2.82,2.82)][(2.82,2.82)(2.82,2.82)][(2.82,5.18)(2.82,5.18)][(2.82,5.18)(2.82,5.18)][(5.18,5.18)(5.18,5.18)][(5.18,5.18)(5.18,5.18)][(5.18,2.82)(5.18,2.82)][(5.18,2.82)(5.18,2.82)]
[(2.84,2.84)(2.84,2.84)][(2.84,2.84)(2.84,2.84)][(2.84,5.16)(2.84,5.16)][(2.84,5.16)(2.84,5.16)][(5.16,5.16)(5.16,5.16)][(5.16,5.16)(5.16,5.16)][(5.16,2.84)(5.16,2.84)][(5.16,2.84)(5.16,2.84)]
[(2.86,2.86)(2.86,2.86)][(2.86,2.86)(2.86,2.86)][(2.86,5.14)(2.86,5.14)][(2.86,5.14)(2.86,5.14)][(5.14,5.14)(5.14,5.14)][(5.14,5.14)(5.14,5.14)][(5.14,2.86)(5.14,2.86)][(5.14,2.86)(5.14,2.86)]
[(2.88,2.88)(2.88,2.88)][(2.88,2.88)(2.88,2.88)][(2.88,5.12)(2.88,5.12)][(2.88,5.12)(2.88,5.12)][(5.12,5.12)(5.12,5.12)][(5.12,5.12)(5.12,5.12)][(5.12,2.88)(5.12,2.88)][(5.12,2.88)(5.12,2.88)]
[(2.90,2.90)(2.90,2.90)][(2.90,2.90)(2.90,2.90)][(2.90,5.10)(2.90,5.10)][(2.90,5.10)(2.90,5.10)][(5.10,5.10)(5.10,5.10)][(5.10,5.10)(5.10,5.10)][(5.10,2.90)(5.10,2.90)][(5.10,2.90)(5.10,2.90)]
[(2.92,2.92)(2.92,2.92)][(2.92,2.92)(2.92,2.92)][(2.92,5.08)(2.92,5.08)][(2.92,5.08)(2.92,5.08)][(5.08,5.08)(5.08,5.08)][(5.08,5.08)(5.08,5.08)][(5.08,2.92)(5.08,2.92)][(5.08,2.92)(5.08,2.92)]
[(2.94,2.94)(2.94,2.94)][(2.94,2.94)(2.94,2.94)][(2.94,5.06)(2.94,5.06)][(2.94,5.06)(2.94,5.06)][(5.06,5.06)(5.06,5.06)][(5.06,5.06)(5.06,5.06)][(5.06,2.94)(5.06,2.94)][(5.06,2.94)(5.06,2.94)]
[(2.96,2.96)(2.96,2.96)][(2.96,2.96)(2.96,2.96)][(2.96,5.04)(2.96,5.04)][(2.96,5.04)(2.96,5.04)][(5.04,5.04)(5.04,5.04)][(5.04,5.04)(5.04,5.04)][(5.04,2.96)(5.04,2.96)][(5.04,2.96)(5.04,2.96)]
[(2.98,2.98)(2.98,2.98)][(2.98,2.98)(2.98,2.98)][(2.98,5.02)(2.98,5.02)][(2.98,5.02)(2.98,5.02)][(5.02,5.02)(5.02,5.02)][(5.02,5.02)(5.02,5.02)][(5.02,2.98)(5.02,2.98)][(5.02,2.98)(5.02,2.98)]
[(3.00,3.00)(3.00,3.00)][(3.00,3.00)(3.00,3.00)][(3.00,5.00)(3.00,5.00)][(3.00,5.00)(3.00,5.00)][(5.00,5.00)(5.00,5.00)][(5.00,5.00)(5.00,5.00)][(5.00,3.00)(5.00,3.00)][(5.00,3.00)(5.00,3.00)]
[(3.02,3.02)(3.02,3.02)][(3.02,3.02)(3.02,3.02)][(3.02,4.98)(3.02,4.98)][(3.02,4.98)(3.02,4.98)][(4.98,4.98)(4.98,4.98)][(4.98,4.98)(4.98,4.98)][(4.98,3.02)(4.98,3.02)][(4.98,3.02)(4.98,3.02)]
[(3.04,3.04)(3.04,3.04)][(3.04,3.04)(3.04,3.04)][(3.04,4.96)(3.04,4.96)][(3.04,4.96)(3.04,4.96)][(4.96,4.96)(4.96,4.96)][(4.96,4.96)(4.96,4.96)][(4.96,3.04)(4.96,3.04)][(4.96,3.04)(4.96,3.04)]
[(3.06,3.06)(3.06,3.06)][(3.06,3.06)(3.06,3.06)][(3.06,4.94)(3.06,4.94)][(3.06,4.94)(3.06,4.94)][(4.94,4.94)(4.94,4.94)][(4.94,4.94)(4.94,4.94)][(4.94,3.06)(4.94,3.06)][(4.94,3.06)(4.94,3.06)]
[(3.08,3.08)(3.08,3.08)][(3.08,3.08)(3.08,3.08)][(3.08,4.92)(3.08,4.92)][(3.08,4.92)(3.08,4.92)][(4.92,4.92)(4.92,4.92)][(4.92,4.92)(4.92,4.92)][(4.92,3.08)(4.92,3.08)][(4.92,3.08)(4.92,3.08)]
[(3.10,3.10)(3.10,3.10)][(3.10,3.10)(3.10,3.10)][(3.10,4.90)(3.10,4.90)][(3.10,4.90)(3.10,4.90)][(4.90,4.90)(4.90,4.90)][(4.90,4.90)(4.90,4.90)][(4.90,3.10)(4.90,3.10)][(4.90,3.10)(4.90,3.10)]
[(3.12,3.12)(3.12,3.12)][(3.12,3.12)(3.12,3.12)][(3.12,4.88)(3.12,4.88)][(3.12,4.88)(3.12,4.88)][(4.88,4.88)(4.88,4.88)][(4.88,4.88)(4.88,4.88)][(4.88,3.12)(4.88,3.12)][(4.88,3.12)(4.88,3.12)]
[(3.14,3.14)(3.14,3.14)][(3.14,3.14)(3.14,3.14)][(3.14,4.86)(3.14,4.86)][(3.14,4.86)(3.14,4.86)][(4.86,4.86)(4.86,4.86)][(4.86,4.86)(4.86,4.86)][(4.86,3.14)(4.86,3.14)][(4.86,3.14)(4.86,3.14)]
[(3.16,3.16)(3.16,3.16)][(3.16,3.16)(3.16,3.16)][(3.16,4.84)(3.16,4.84)][(3.16,4.84)(3.16,4.84)][(4.84,4.84)(4.84,4.84)][(4.84,4.84)(4.84,4.84)][(4.84,3.16)(4.84,3.16)][(4.84,3.16)(4.84,3.16)]
[(3.18,3.18)(3.18,3.18)][(3.18,3.18)(3.18,3.18)][(3.18,4.82)(3.18,4.82)][(3.18,4.82)(3.18,4.82)][(4.82,4.82)(4.82,4.82)][(4.82,4.82)(4.82,4.82)][(4.82,3.18)(4.82,3.18)][(4.82,3.18)(4.82,3.18)]
[(3.20,3.20)(3.20,3.20)][(3.20,3.20)(3.20,3.20)][(3.20,4.80)(3.20,4.80)][(3.20,4.80)(3.20,4.80)][(4.80,4.80)(4.80,4.80)][(4.80,4.80)(4.80,4.80)][(4.80,3.20)(4.80,3.20)][(4.80,3.20)(4.80,3.20)]
[(3.22,3.22)(3.22,3.22)][(3.22,3.22)(3.22,3.22)][(3.22,4.78)(3.22,4.78)][(3.22,4.78)(3.22,4.78)][(4.78,4.78)(4.78,4.78)][(4.78,4.78)(4.78,4.78)][(4.78,3.22)(4.78,3.22)][(4.78,3.22)(4.78,3.22)]
[(3.24,3.24)(3.24,3.24)][(3.24,3.24)(3.24,3.24)][(3.24,4.76)(3.24,4.76)][(3.24,4.76)(3.24,4.76)][(4.76,4.76)(4.76,4.76)][(4.76,4.76)(4.76,4.76)][(4.76,3.24)(4.76,3.24)][(4.76,3.24)(4.76,3.24)]
[(3.26,3.26)(3.26,3.26)][(3.26,3.26)(3.26,3.26)][(3.26,4.74)(3.26,4.74)][(3.26,4.74)(3.26,4.74)][(4.74,4.74)(4.74,4.74)][(4.74,4.74)(4.74,4.74)][(4.74,3.26)(4.74,3.26)][(4.74,3.26)(4.74,3.26)]
[(3.28,3.28)(3.28,3.28)][(3.28,3.28)(3.28,3.28)][(3.28,4.72)(3.28,4.72)][(3.28,4.72)(3.28,4.72)][(4.72,4.72)(4.72,4.72)][(4.72,4.72)(4.72,4.72)][(4.72,3.28)(4.72,3.28)][(4.72,3.28)(4.72,3.28)]
[(3.30,3.30)(3.30,3.30)][(3.30,3.30)(3.30,3.30)][(3.30,4.70)(3.30,4.70)][(3.30,4.70)(3.30,4.70)][(4.70,4.70)(4.70,4.70)][(4.70,4.70)(4.70,4.70)][(4.70,3.30)(4.70,3.30)][(4.70,3.30)(4.70,3.30)]
[(3.32,3.32)(3.32,3.32)][(3.32,3.32)(3.32,3.32)][(3.32,4.68)(3.32,4.68)][(3.32,4.68)(3.32,4.68)][(4.68,4.68)(4.68,4.68)][(4.68,4.68)(4.68,4.68)][(4.68,3.32)(4.68,3.32)][(4.68,3.32)(4.68,3.32)]
[(3.34,3.34)(3.34,3.34)][(3.34,3.34)(3.34,3.34)][(3.34,4.66)(3.34,4.66)][(3.34,4.66)(3.34,4.66)][(4.66,4.66)(4.66,4.66)][(4.66,4.66)(4.66,4.66)][(4.66,3.34)(4.66,3.34)][(4.66,3.34)(4.66,3.34)]
[(3.36,3.36)(3.36,3.36)][(3.36,3.36)(3.36,3.36)][(3.36,4.64)(3.36,4.64)][(3.36,4.64)(3.36,4.64)][(4.64,4.64)(4.64,4.64)][(4.64,4.64)(4.64,4.64)][(4.64,3.36)(4.64,3.36)][(4.64,3.36)(4.64,3.36)]
[(3.38,3.38)(3.38,3.38)][(3.38,3.38)(3.38,3.38)][(3.38,4.62)(3.38,4.62)][(3.38,4.62)(3.38,4.62)][(4.62,4.62)(4.62,4.62)][(4.62,4.62)(4.62,4.62)][(4.62,3.38)(4.62,3.38)][(4.62,3.38)(4.62,3.38)]
[(3.40,3.40)(3.40,3.40)][(3.40,3.40)(3.40,3.40)][(3.40,4.60)(3.40,4.60)][(3.40,4.60)(3.40,4.60)][(4.60,4.60)(4.60,4.60)][(4.60,4.60)(4.60,4.60)][(4.60,3.40)(4.60,3.40)][(4.60,3.40)(4.60,3.40)]
[(3.42,3.42)(3.42,3.42)][(3.42,3.42)(3.42,3.42)][(3.42,4.58)(3.42,4.58)][(3.42,4.58)(3.42,4.58)][(4.58,4.58)(4.58,4.58)][(4.58,4.58)(4.58,4.58)][(4.58,3.42)(4.58,3.42)][(4.58,3.42)(4.58,3.42)]
[(3.44,3.44)(3.44,3.44)][(3.44,3.44)(3.44,3.44)][(3.44,4.56)(3.44,4.56)][(3.44,4.56)(3.44,4.56)][(4.56,4.56)(4.56,4.56)][(4.56,4.56)(4.56,4.56)][(4.56,3.44)(4.56,3.44)][(4.56,3.44)(4.56,3.44)]
[(3.46,3.46)(3.46,3.46)][(3.46,3.46)(3.46,3.46)][(3.46,4.54)(3.46,4.54)][(3.46,4.54)(3.46,4.54)][(4.54,4.54)(4.54,4.54)][(4.54,4.54)(4.54,4.54)][(4.54,3.46)(4.54,3.46)][(4.54,3.46)(4.54,3.46)]
[(3.48,3.48)(3.48,3.48)][(3.48,3.48)(3.48,3.48)][(3.48,4.52)(3.48,4.52)][(3.48,4.52)(3.48,4.52)][(4.52,4.52)(4.52,4.52)][(4.52,4.52)(4.52,4.52)][(4.52,3.48)(4.52,3.48)][(4.52,3.48)(4.52,3.48)]
[(3.50,3.50)(3.50,3.50)][(3.50,3.50)(3.50,3.50)][(3.50,4.50)(3.50,4.50)][(3.50,4.50)(3.50,4.50)][(4.50,4.50)(4.50,4.50)][(4.50,4.50)(4.50,4.50)][(4.50,3.50)(4.50,3.50)][(4.50,3.50)(4.50,3.50)]
[(3.52,3.52)(3.52,3.52)][(3.52,3.52)(3.52,3.52)][(3.52,4.48)(3.52,4.48)][(3.52,4.48)(3.52,4.48)][(4.48,4.48)(4.48,4.48)][(4.48,4.48)(4.48,4.48)][(4.48,3.52)(4.48,3.52)][(4.48,3.52)(4.48,3.52)]
[(3.54,3.54)(3.54,3.54)][(3.54,3.54)(3.54,3.54)][(3.54,4.46)(3.54,4.46)][(3.54,4.46)(3.54,4.46)][(4.46,4.46)(4.46,4.46)][(4.46,4.46)(4.46,4.46)][(4.46,3.54)(4.46,3.54)][(4.46,3.54)(4.46,3.54)]
[(3.56,3.56)(3.56,3.56)][(3.56,3.56)(3.56,3.56)][(3.56,4.44)(3.56,4.44)][(3.56,4.44)(3.56,4.44)][(4.44,4.44)(4.44,4.44)][(4.44,4.44)(4.44,4.44)][(4.44,3.56)(4.44,3.56)][(4.44,3.56)(4.44,3.56)]
[(3.58,3.58)(3.58,3.58)][(3.58,3.58)(3.58,3.58)][(3.58,4.42)(3.58,4.42)][(3.58,4.42)(3.58,4.42)][(4.42,4.42)(4.42,4.42)][(4.42,4.42)(4.42,4.42)][(4.42,3.58)(4.42,3.58)][(4.42,3.58)(4.42,3.58)]
[(3.60,3.60)(3.60,3.60)][(3.60,3.60)(3.60,3.60)][(3.60,4.40)(3.60,4.40)][(3.60,4.40)(3.60,4.40)][(4.40,4.40)(4.40,4.40)][(4.40,4.40)(4.40,4.40)][(4.40,3.60)(4.40,3.60)][(4.40,3.60)(4.40,3.60)]
[(3.62,3.62)(3.62,3.62)][(3.62,3.62)(3.62,3.62)][(3.62,4.38)(3.62,4.38)][(3.62,4.38)(3.62,4.38)][(4.38,4.38)(4.38,4.38)][(4.38,4.38)(4.38,4.38)][(4.38,3.62)(4.38,3.62)][(4.38,3.62)(4.38,3.62)]
[(3.64,3.64)(3.64,3.64)][(3.64,3.64)(3.64,3.64)][(3.64,4.36)(3.64,4.36)][(3.64,4.36)(3.64,4.36)][(4.36,4.36)(4.36,4.36)][(4.36,4.36)(4.36,4.36)][(4.36,3.64)(4.36,3.64)][(4.36,3.64)(4.36,3.64)]
[(3.66,3.66)(3.66,3.66)][(3.66,3.66)(3.66,3.66)][(3.66,4.34)(3.66,4.34)][(3.66,4.34)(3.66,4.34)][(4.34,4.34)(4.34,4.34)][(4.34,4.34)(4.34,4.34)][(4.34,3.66)(4.34,3.66)][(4.34,3.66)(4.34,3.66)]
[(3.68,3.68)(3.68,3.68)][(3.68,3.68)(3.68,3.68)][(3.68,4.32)(3.68,4.32)][(3.68,4.32)(3.68,4.32)][(4.32,4.32)(4.32,4.32)][(4.32,4.32)(4.32,4.32)][(4.32,3.68)(4.32,3.68)][(4.32,3.68)(4.32,3.68)]
[(3.70,3.70)(3.70,3.70)][(3.70,3.70)(3.70,3.70)][(3.70,4.30)(3.70,4.30)][(3.70,4.30)(3.70,4.30)][(4.30,4.30)(4.30,4.30)][(4.30,4.30)(4.30,4.30)][(4.30,3.70)(4.30,3.70)][(4.30,3.70)(4.30,3.70)]
[(3.72,3.72)(3.72,3.72)][(3.72,3.72)(3.72,3.72)][(3.72,4.28)(3.72,4.28)][(3.72,4.28)(3.72,4.28)][(4.28,4.28)(4.28,4.28)][(4.28,4.28)(4.28,4.28)][(4.28,3.72)(4.28,3.72)][(4.28,3.72)(4.28,3.72)]
[(3.74,3.74)(3.74,3.74)][(3.74,3.74)(3.74,3.74)][(3.74,4.26)(3.74,4.26)][(3.74,4.26)(3.74,4.26)][(4.26,4.26)(4.26,4.26)][(4.26,4.26)(4.26,4.26)][(4.26,3.74)(4.26,3.74)][(4.26,3.74)(4.26,3.74)]
[(3.76,3.76)(3.76,3.76)][(3.76,3.76)(3.76,3.76)][(3.76,4.24)(3.76,4.24)][(3.76,4.24)(3.76,4.24)][(4.24,4.24)(4.24,4.24)][(4.24,4.24)(4.24,4.24)][(4.24,3.76)(4.24,3.76)][(4.24,3.76)(4.24,3.76)]
[(3.78,3.78)(3.78,3.78)][(3.78,3.78)(3.78,3.78)][(3.78,4.22)(3.78,4.22)][(3.78,4.22)(3.78,4.22)][(4.22,4.22)(4.22,4.22)][(4.22,4.22)(4.22,4.22)][(4.22,3.78)(4.22,3.78)][(4.22,3.78)(4.22,3.78)]
[(3.80,3.80)(3.80,3.80)][(3.80,3.80)(3.80,3.80)][(3.80,4.20)(3.80,4.20)][(3.80,4.20)(3.80,4.20)][(4.20,4.20)(4.20,4.20)][(4.20,4.20)(4.20,4.20)][(4.20,3.80)(4.20,3.80)][(4.20,3.80)(4.20,3.80)]
[(3.82,3.82)(3.82,3.82)][(3.82,3.82)(3.82,3.82)][(3.82,4.18)(3.82,4.18)][(3.82,4.18)(3.82,4.18)][(4.18,4.18)(4.18,4.18)][(4.18,4.18)(4.18,4.18)][(4.18,3.82)(4.18,3.82)][(4.18,3.82)(4.18,3.82)]
[(3.84,3.84)(3.84,3.84)][(3.84,3.84)(3.84,3.84)][(3.84,4.16)(3.84,4.16)][(3.84,4.16)(3.84,4.16)][(4.16,4.16)(4.16,4.16)][(4.16,4.16)(4.16,4.16)][(4.16,3.84)(4.16,3.84)][(4.16,3.84)(4.16,3.84)]
[(3.86,3.86)(3.86,3.86)][(3.86,3.86)(3.86,3.86)][(3.86,4.14)(3.86,4.14)][(3.86,4.14)(3.86,4.14)][(4.14,4.14)(4.14,4.14)][(4.14,4.14)(4.14,4.14)][(4.14,3.86)(4.14,3.86)][(4.14,3.86)(4.14,3.86)]
[(3.88,3.88)(3.88,3.88)][(3.88,3.88)(3.88,3.88)][(3.88,4.12)(3.88,4.12)][(3.88,4.12)(3.88,4.12)][(4.12,4.12)(4.12,4.12)][(4.12,4.12)(4.12,4.12)][(4.12,3.88)(4.12,3.88)][(4.12,3.88)(4.12,3.88)]
[(3.90,3.90)(3.90,3.90)][(3.90,3.90)(3.90,3.90)][(3.90,4.10)(3.90,4.10)][(3.90,4.10)(3.90,4.10)][(4.10,4.10)(4.10,4.10)][(4.10,4.10)(4.10,4.10)][(4.10,3.90)(4.10,3.90)][(4.10,3.90)(4.10,3.90)]
[(3.92,3.92)(3.92,3.92)][(3.92,3.92)(3.92,3.92)][(3.92,4.08)(3.92,4.08)][(3.92,4.08)(3.92,4.08)][(4.08,4.08)(4.08,4.08)][(4.08,4.08)(4.08,4.08)][(4.08,3.92)(4.08,3.92)][(4.08,3.92)(4.08,3.92)]
[(3.94,3.94)(3.94,3.94)][(3.94,3.94)(3.94,3.94)][(3.94,4.06)(3.94,4.06)][(3.94,4.06)(3.94,4.06)][(4.06,4.06)(4.06,4.06)][(4.06,4.06)(4.06,4.06)][(4.06,3.94)(4.06,3.94)][(4.06,3.94)(4.06,3.94)]
[(3.96,3.96)(3.96,3.96)][(3.96,3.96)(3.96,3.96)][(3.96,4.04)(3.96,4.04)][(3.96,4.04)(3.96,4.04)][(4.04,4.04)(4.04,4.04)][(4.04,4.04)(4.04,4.04)][(4.04,3.96)(4.04,3.96)][(4.04,3.96)(4.04,3.96)]
[(3.98,3.98)(3.98,3.98)][(3.98,3.98)(3.98,3.98)][(3.98,4.02)(3.98,4.02)][(3.98,4.02)(3.98,4.02)][(4.02,4.02)(4.02,4.02)][(4.02,4.02)(4.02,4.02)][(4.02,3.98)(4.02,3.98)][(4.02,3.98)(4.02,3.98)]
[(4.00,4.00)(4.00,4.00)][(4.00,4.00)(4.00,4.00)][(4.00,4.00)(4.00,4.00)][(4.00,4.00)(4.00,4.00)][(4.00,4.00)(4.00,4.00)][(4.00,4.00)(4.00,4.00)][(4.00,4.00)(4.00,4.00)][(4.00,4.00)(4.00,4.00)]
[(3.98,3.98)(3.98,3.98)][(3.98,3.98)(3.98,3.98)][(3.98,4.02)(3.98,4.02)][(3.98,4.02)(3.98,4.02)][(4.02,4.02)(4.02,4.02)][(4.02,4.02)(4.02,4.02)][(4.02,3.98)(4.02,3.98)][(4.02,3.98)(4.02,3.98)]
[(3.96,3.96)(3.96,3.96)][(3.96,3.96)(3.96,3.96)][(3.96,4.04)(3.96,4.04)][(3.96,4.04)(3.96,4.04)][(4.04,4.04)(4.04,4.04)][(4.04,4.04)(4.04,4.04)][(4.04,3.96)(4.04,3.96)][(4.04,3.96)(4.04,3.96)]
[(3.94,3.94)(3.94,3.94)][(3.94,3.94)(3.94,3.94)][(3.94,4.06)(3.94,4.06)][(3.94,4.06)(3.94,4.06)][(4.06,4.06)(4.06,4.06)][(4.06,4.06)(4.06,4.06)][(4.06,3.94)(4.06,3.94)][(4.06,3.94)(4.06,3.94)]
[(3.92,3.92)(3.92,3.92)][(3.92,3.92)(3.92,3.92)][(3.92,4.08)(3.92,4.08)][(3.92,4.08)(3.92,4.08)][(4.08,4.08)(4.08,4.08)][(4.08,4.08)(4.08,4.08)][(4.08,3.92)(4.08,3.92)][(4.08,3.92)(4.08,3.92)]
[(3.90,3.90)(3.90,3.90)][(3.90,3.90)(3.90,3.90)][(3.90,4.10)(3.90,4.10)][(3.90,4.10)(3.90,4.10)][(4.10,4.10)(4.10,4.10)][(4.10,4.10)(4.10,4.10)][(4.10,3.90)(4.10,3.90)][(4.10,3.90)(4.10,3.90)]
[(3.88,3.88)(3.88,3.88)][(3.88,3.88)(3.88,3.88)][(3.88,4.12)(3.88,4.12)][(3.88,4.12)(3.88,4.12)][(4.12,4.12)(4.12,4.12)][(4.12,4.12)(4.12,4.12)][(4.12,3.88)(4.12,3.88)][(4.12,3.88)(4.12,3.88)]
[(3.86,3.86)(3.86,3.86)][(3.86,3.86)(3.86,3.86)][(3.86,4.14)(3.86,4.14)][(3.86,4.14)(3.86,4.14)][(4.14,4.14)(4.14,4.14)][(4.14,4.14)(4.14,4.14)][(4.14,3.86)(4.14,3.86)][(4.14,3.86)(4.14,3.86)]
[(3.84,3.84)(3.84,3.84)][(3.84,3.84)(3.84,3.84)][(3.84,4.16)(3.84,4.16)][(3.84,4.16)(3.84,4.16)][(4.16,4.16)(4.16,4.16)][(4.16,4.16)(4.16,4.16)][(4.16,3.84)(4.16,3.84)][(4.16,3.84)(4.16,3.84)]
[(3.82,3.82)(3.82,3.82)][(3.82,3.82)(3.82,3.82)][(3.82,4.18)(3.82,4.18)][(3.82,4.18)(3.82,4.18)][(4.18,4.18)(4.18,4.18)][(4.18,4.18)(4.18,4.18)][(4.18,3.82)(4.18,3.82)][(4.18,3.82)(4.18,3.82)]
[(3.80,3.80)(3.80,3.80)][(3.80,3.80)(3.80,3.80)][(3.80,4.20)(3.80,4.20)][(3.80,4.20)(3.80,4.20)][(4.20,4.20)(4.20,4.20)][(4.20,4.20)(4.20,4.20)][(4.20,3.80)(4.20,3.80)][(4.20,3.80)(4.20,3.80)]
[(3.78,3.78)(3.78,3.78)][(3.78,3.78)(3.78,3.78)][(3.78,4.22)(3.78,4.22)][(3.78,4.22)(3.78,4.22)][(4.22,4.22)(4.22,4.22)][(4.22,4.22)(4.22,4.22)][(4.22,3.78)(4.22,3.78)][(4.22,3.78)(4.22,3.78)]
[(3.76,3.76)(3.76,3.76)][(3.76,3.76)(3.76,3.76)][(3.76,4.24)(3.76,4.24)][(3.76,4.24)(3.76,4.24)][(4.24,4.24)(4.24,4.24)][(4.24,4.24)(4.24,4.24)][(4.24,3.76)(4.24,3.76)][(4.24,3.76)(4.24,3.76)]
[(3.74,3.74)(3.74,3.74)][(3.74,3.74)(3.74,3.74)][(3.74,4.26)(3.74,4.26)][(3.74,4.26)(3.74,4.26)][(4.26,4.26)(4.26,4.26)][(4.26,4.26)(4.26,4.26)][(4.26,3.74)(4.26,3.74)][(4.26,3.74)(4.26,3.74)]
[(3.72,3.72)(3.72,3.72)][(3.72,3.72)(3.72,3.72)][(3.72,4.28)(3.72,4.28)][(3.72,4.28)(3.72,4.28)][(4.28,4.28)(4.28,4.28)][(4.28,4.28)(4.28,4.28)][(4.28,3.72)(4.28,3.72)][(4.28,3.72)(4.28,3.72)]
[(3.70,3.70)(3.70,3.70)][(3.70,3.70)(3.70,3.70)][(3.70,4.30)(3.70,4.30)][(3.70,4.30)(3.70,4.30)][(4.30,4.30)(4.30,4.30)][(4.30,4.30)(4.30,4.30)][(4.30,3.70)(4.30,3.70)][(4.30,3.70)(4.30,3.70)]
[(3.68,3.68)(3.68,3.68)][(3.68,3.68)(3.68,3.68)][(3.68,4.32)(3.68,4.32)][(3.68,4.32)(3.68,4.32)][(4.32,4.32)(4.32,4.32)][(4.32,4.32)(4.32,4.32)][(4.32,3.68)(4.32,3.68)][(4.32,3.68)(4.32,3.68)]
[(3.66,3.66)(3.66,3.66)][(3.66,3.66)(3.66,3.66)][(3.66,4.34)(3.66,4.34)][(3.66,4.34)(3.66,4.34)][(4.34,4.34)(4.34,4.34)][(4.34,4.34)(4.34,4.34)][(4.34,3.66)(4.34,3.66)][(4.34,3.66)(4.34,3.66)]
[(3.64,3.64)(3.64,3.64)][(3.64,3.64)(3.64,3.64)][(3.64,4.36)(3.64,4.36)][(3.64,4.36)(3.64,4.36)][(4.36,4.36)(4.36,4.36)][(4.36,4.36)(4.36,4.36)][(4.36,3.64)(4.36,3.64)][(4.36,3.64)(4.36,3.64)]
[(3.62,3.62)(3.62,3.62)][(3.62,3.62)(3.62,3.62)][(3.62,4.38)(3.62,4.38)][(3.62,4.38)(3.62,4.38)][(4.38,4.38)(4.38,4.38)][(4.38,4.38)(4.38,4.38)][(4.38,3.62)(4.38,3.62)][(4.38,3.62)(4.38,3.62)]
[(3.60,3.60)(3.60,3.60)][(3.60,3.60)(3.60,3.60)][(3.60,4.40)(3.60,4.40)][(3.60,4.40)(3.60,4.40)][(4.40,4.40)(4.40,4.40)][(4.40,4.40)(4.40,4.40)][(4.40,3.60)(4.40,3.60)][(4.40,3.60)(4.40,3.60)]
[(3.58,3.58)(3.58,3.58)][(3.58,3.58)(3.58,3.58)][(3.58,4.42)(3.58,4.42)][(3.58,4.42)(3.58,4.42)][(4.42,4.42)(4.42,4.42)][(4.42,4.42)(4.42,4.42)][(4.42,3.58)(4.42,3.58)][(4.42,3.58)(4.42,3.58)]
[(3.56,3.56)(3.56,3.56)][(3.56,3.56)(3.56,3.56)][(3.56,4.44)(3.56,4.44)][(3.56,4.44)(3.56,4.44)][(4.44,4.44)(4.44,4.44)][(4.44,4.44)(4.44,4.44)][(4.44,3.56)(4.44,3.56)][(4.44,3.56)(4.44,3.56)]
[(3.54,3.54)(3.54,3.54)][(3.54,3.54)(3.54,3.54)][(3.54,4.46)(3.54,4.46)][(3.54,4.46)(3.54,4.46)][(4.46,4.46)(4.46,4.46)][(4.46,4.46)(4.46,4.46)][(4.46,3.54)(4.46,3.54)][(4.46,3.54)(4.46,3.54)]
[(3.52,3.52)(3.52,3.52)][(3.52,3.52)(3.52,3.52)][(3.52,4.48)(3.52,4.48)][(3.52,4.48)(3.52,4.48)][(4.48,4.48)(4.48,4.48)][(4.48,4.48)(4.48,4.48)][(4.48,3.52)(4.48,3.52)][(4.48,3.52)(4.48,3.52)]
[(3.49,3.49)(3.49,3.49)][(3.49,3.49)(3.49,3.49)][(3.49,4.51)(3.49,4.51)][(3.49,4.51)(3.49,4.51)][(4.51,4.51)(4.51,4.51)][(4.51,4.51)(4.51,4.51)][(4.51,3.49)(4.51,3.49)][(4.51,3.49)(4.51,3.49)]
[(3.47,3.47)(3.47,3.47)][(3.47,3.47)(3.47,3.47)][(3.47,4.53)(3.47,4.53)][(3.47,4.53)(3.47,4.53)][(4.53,4.53)(4.53,4.53)][(4.53,4.53)(4.53,4.53)][(4.53,3.47)(4.53,3.47)][(4.53,3.47)(4.53,3.47)]
[(3.45,3.45)(3.45,3.45)][(3.45,3.45)(3.45,3.45)][(3.45,4.55)(3.45,4.55)][(3.45,4.55)(3.45,4.55)][(4.55,4.55)(4.55,4.55)][(4.55,4.55)(4.55,4.55)][(4.55,3.45)(4.55,3.45)][(4.55,3.45)(4.55,3.45)]
[(3.43,3.43)(3.43,3.43)][(3.43,3.43)(3.43,3.43)][(3.43,4.57)(3.43,4.57)][(3.43,4.57)(3.43,4.57)][(4.57,4.57)(4.57,4.57)][(4.57,4.57)(4.57,4.57)][(4.57,3.43)(4.57,3.43)][(4.57,3.43)(4.57,3.43)]
[(3.41,3.41)(3.41,3.41)][(3.41,3.41)(3.41,3.41)][(3.41,4.59)(3.41,4.59)][(3.41,4.59)(3.41,4.59)][(4.59,4.59)(4.59,4.59)][(4.59,4.59)(4.59,4.59)][(4.59,3.41)(4.59,3.41)][(4.59,3.41)(4.59,3.41)]
[(3.39,3.39)(3.39,3.39)][(3.39,3.39)(3.39,3.39)][(3.39,4.61)(3.39,4.61)][(3.39,4.61)(3.39,4.61)][(4.61,4.61)(4.61,4.61)][(4.61,4.61)(4.61,4.61)][(4.61,3.39)(4.61,3.39)][(4.61,3.39)(4.61,3.39)]
[(3.37,3.37)(3.37,3.37)][(3.37,3.37)(3.37,3.37)][(3.37,4.63)(3.37,4.63)][(3.37,4.63)(3.37,4.63)][(4.63,4.63)(4.63,4.63)][(4.63,4.63)(4.63,4.63)][(4.63,3.37)(4.63,3.37)][(4.63,3.37)(4.63,3.37)]
[(3.35,3.35)(3.35,3.35)][(3.35,3.35)(3.35,3.35)][(3.35,4.65)(3.35,4.65)][(3.35,4.65)(3.35,4.65)][(4.65,4.65)(4.65,4.65)][(4.65,4.65)(4.65,4.65)][(4.65,3.35)(4.65,3.35)][(4.65,3.35)(4.65,3.35)]
[(3.33,3.33)(3.33,3.33)][(3.33,3.33)(3.33,3.33)][(3.33,4.67)(3.33,4.67)][(3.33,4.67)(3.33,4.67)][(4.67,4.67)(4.67,4.67)][(4.67,4.67)(4.67,4.67)][(4.67,3.33)(4.67,3.33)][(4.67,3.33)(4.67,3.33)]
[(3.31,3.31)(3.31,3.31)][(3.31,3.31)(3.31,3.31)][(3.31,4.69)(3.31,4.69)][(3.31,4.69)(3.31,4.69)][(4.69,4.69)(4.69,4.69)][(4.69,4.69)(4.69,4.69)][(4.69,3.31)(4.69,3.31)][(4.69,3.31)(4.69,3.31)]
[(3.29,3.29)(3.29,3.29)][(3.29,3.29)(3.29,3.29)][(3.29,4.71)(3.29,4.71)][(3.29,4.71)(3.29,4.71)][(4.71,4.71)(4.71,4.71)][(4.71,4.71)(4.71,4.71)][(4.71,3.29)(4.71,3.29)][(4.71,3.29)(4.71,3.29)]
[(3.27,3.27)(3.27,3.27)][(3.27,3.27)(3.27,3.27)][(3.27,4.73)(3.27,4.73)][(3.27,4.73)(3.27,4.73)][(4.73,4.73)(4.73,4.73)][(4.73,4.73)(4.73,4.73)][(4.73,3.27)(4.73,3.27)][(4.73,3.27)(4.73,3.27)]
[(3.25,3.25)(3.25,3.25)][(3.25,3.25)(3.25,3.25)][(3.25,4.75)(3.25,4.75)][(3.25,4.75)(3.25,4.75)][(4.75,4.75)(4.75,4.75)][(4.75,4.75)(4.75,4.75)][(4.75,3.25)(4.75,3.25)][(4.75,3.25)(4.75,3.25)]
[(3.23,3.23)(3.23,3.23)][(3.23,3.23)(3.23,3.23)][(3.23,4.77)(3.23,4.77)][(3.23,4.77)(3.23,4.77)][(4.77,4.77)(4.77,4.77)][(4.77,4.77)(4.77,4.77)][(4.77,3.23)(4.77,3.23)][(4.77,3.23)(4.77,3.23)]
[(3.21,3.21)(3.21,3.21)][(3.21,3.21)(3.21,3.21)][(3.21,4.79)(3.21,4.79)][(3.21,4.79)(3.21,4.79)][(4.79,4.79)(4.79,4.79)][(4.79,4.79)(4.79,4.79)][(4.79,3.21)(4.79,3.21)][(4.79,3.21)(4.79,3.21)]
[(3.19,3.19)(3.19,3.19)][(3.19,3.19)(3.19,3.19)][(3.19,4.81)(3.19,4.81)][(3.19,4.81)(3.19,4.81)][(4.81,4.81)(4.81,4.81)][(4.81,4.81)(4.81,4.81)][(4.81,3.19)(4.81,3.19)][(4.81,3.19)(4.81,3.19)]
[(3.17,3.17)(3.17,3.17)][(3.17,3.17)(3.17,3.17)][(3.17,4.83)(3.17,4.83)][(3.17,4.83)(3.17,4.83)][(4.83,4.83)(4.83,4.83)][(4.83,4.83)(4.83,4.83)][(4.83,3.17)(4.83,3.17)][(4.83,3.17)(4.83,3.17)]
[(3.15,3.15)(3.15,3.15)][(3.15,3.15)(3.15,3.15)][(3.15,4.85)(3.15,4.85)][(3.15,4.85)(3.15,4.85)][(4.85,4.85)(4.85,4.85)][(4.85,4.85)(4.85,4.85)][(4.85,3.15)(4.85,3.15)][(4.85,3.15)(4.85,3.15)]
[(3.13,3.13)(3.13,3.13)][(3.13,3.13)(3.13,3.13)][(3.13,4.87)(3.13,4.87)][(3.13,4.87)(3.13,4.87)][(4.87,4.87)(4.87,4.87)][(4.87,4.87)(4.87,4.87)][(4.87,3.13)(4.87,3.13)][(4.87,3.13)(4.87,3.13)]
[(3.11,3.11)(3.11,3.11)][(3.11,3.11)(3.11,3.11)][(3.11,4.89)(3.11,4.89)][(3.11,4.89)(3.11,4.89)][(4.89,4.89)(4.89,4.89)][(4.89,4.89)(4.89,4.89)][(4.89,3.11)(4.89,3.11)][(4.89,3.11)(4.89,3.11)]
[(3.09,3.09)(3.09,3.09)][(3.09,3.09)(3.09,3.09)][(3.09,4.91)(3.09,4.91)][(3.09,4.91)(3.09,4.91)][(4.91,4.91)(4.91,4.91)][(4.91,4.91)(4.91,4.91)][(4.91,3.09)(4.91,3.09)][(4.91,3.09)(4.91,3.09)]
[(3.07,3.07)(3.07,3.07)][(3.07,3.07)(3.07,3.07)][(3.07,4.93)(3.07,4.93)][(3.07,4.93)(3.07,4.93)][(4.93,4.93)(4.93,4.93)][(4.93,4.93)(4.93,4.93)][(4.93,3.07)(4.93,3.07)][(4.93,3.07)(4.93,3.07)]
[(3.05,3.05)(3.05,3.05)][(3.05,3.05)(3.05,3.05)][(3.05,4.95)(3.05,4.95)][(3.05,4.95)(3.05,4.95)][(4.95,4.95)(4.95,4.95)][(4.95,4.95)(4.95,4.95)][(4.95,3.05)(4.95,3.05)][(4.95,3.05)(4.95,3.05)]
[(3.03,3.03)(3.03,3.03)][(3.03,3.03)(3.03,3.03)][(3.03,4.97)(3.03,4.97)][(3.03,4.97)(3.03,4.97)][(4.97,4.97)(4.97,4.97)][(4.97,4.97)(4.97,4.97)][(4.97,3.03)(4.97,3.03)][(4.97,3.03)(4.97,3.03)]
[(3.01,3.01)(3.01,3.01)][(3.01,3.01)(3.01,3.01)][(3.01,4.99)(3.01,4.99)][(3.01,4.99)(3.01,4.99)][(4.99,4.99)(4.99,4.99)][(4.99,4.99)(4.99,4.99)][(4.99,3.01)(4.99,3.01)][(4.99,3.01)(4.99,3.01)]
[(2.99,2.99)(2.99,2.99)][(2.99,2.99)(2.99,2.99)][(2.99,5.01)(2.99,5.01)][(2.99,5.01)(2.99,5.01)][(5.01,5.01)(5.01,5.01)][(5.01,5.01)(5.01,5.01)][(5.01,2.99)(5.01,2.99)][(5.01,2.99)(5.01,2.99)]
[(2.97,2.97)(2.97,2.97)][(2.97,2.97)(2.97,2.97)][(2.97,5.03)(2.97,5.03)][(2.97,5.03)(2.97,5.03)][(5.03,5.03)(5.03,5.03)][(5.03,5.03)(5.03,5.03)][(5.03,2.97)(5.03,2.97)][(5.03,2.97)(5.03,2.97)]
[(2.95,2.95)(2.95,2.95)][(2.95,2.95)(2.95,2.95)][(2.95,5.05)(2.95,5.05)][(2.95,5.05)(2.95,5.05)][(5.05,5.05)(5.05,5.05)][(5.05,5.05)(5.05,5.05)][(5.05,2.95)(5.05,2.95)][(5.05,2.95)(5.05,2.95)]
[(2.93,2.93)(2.93,2.93)][(2.93,2.93)(2.93,2.93)][(2.93,5.07)(2.93,5.07)][(2.93,5.07)(2.93,5.07)][(5.07,5.07)(5.07,5.07)][(5.07,5.07)(5.07,5.07)][(5.07,2.93)(5.07,2.93)][(5.07,2.93)(5.07,2.93)]
[(2.91,2.91)(2.91,2.91)][(2.91,2.91)(2.91,2.91)][(2.91,5.09)(2.91,5.09)][(2.91,5.09)(2.91,5.09)][(5.09,5.09)(5.09,5.09)][(5.09,5.09)(5.09,5.09)][(5.09,2.91)(5.09,2.91)][(5.09,2.91)(5.09,2.91)]
[(2.89,2.89)(2.89,2.89)][(2.89,2.89)(2.89,2.89)][(2.89,5.11)(2.89,5.11)][(2.89,5.11)(2.89,5.11)][(5.11,5.11)(5.11,5.11)][(5.11,5.11)(5.11,5.11)][(5.11,2.89)(5.11,2.89)][(5.11,2.89)(5.11,2.89)]
[(2.87,2.87)(2.87,2.87)][(2.87,2.87)(2.87,2.87)][(2.87,5.13)(2.87,5.13)][(2.87,5.13)(2.87,5.13)][(5.13,5.13)(5.13,5.13)][(5.13,5.13)(5.13,5.13)][(5.13,2.87)(5.13,2.87)][(5.13,2.87)(5.13,2.87)]
[(2.85,2.85)(2.85,2.85)][(2.85,2.85)(2.85,2.85)][(2.85,5.15)(2.85,5.15)][(2.85,5.15)(2.85,5.15)][(5.15,5.15)(5.15,5.15)][(5.15,5.15)(5.15,5.15)][(5.15,2.85)(5.15,2.85)][(5.15,2.85)(5.15,2.85)]
[(2.83,2.83)(2.83,2.83)][(2.83,2.83)(2.83,2.83)][(2.83,5.17)(2.83,5.17)][(2.83,5.17)(2.83,5.17)][(5.17,5.17)(5.17,5.17)][(5.17,5.17)(5.17,5.17)][(5.17,2.83)(5.17,2.83)][(5.17,2.83)(5.17,2.83)]
[(2.81,2.81)(2.81,2.81)][(2.81,2.81)(2.81,2.81)][(2.81,5.19)(2.81,5.19)][(2.81,5.19)(2.81,5.19)][(5.19,5.19)(5.19,5.19)][(5.19,5.19)(5.19,5.19)][(5.19,2.81)(5.19,2.81)][(5.19,2.81)(5.19,2.81)]
[(2.79,2.79)(2.79,2.79)][(2.79,2.79)(2.79,2.79)][(2.79,5.21)(2.79,5.21)][(2.79,5.21)(2.79,5.21)][(5.21,5.21)(5.21,5.21)][(5.21,5.21)(5.21,5.21)][(5.21,2.79)(5.21,2.79)][(5.21,2.79)(5.21,2.79)]
[(2.77,2.77)(2.77,2.77)][(2.77,2.77)(2.77,2.77)][(2.77,5.23)(2.77,5.23)][(2.77,5.23)(2.77,5.23)][(5.23,5.23)(5.23,5.23)][(5.23,5.23)(5.23,5.23)][(5.23,2.77)(5.23,2.77)][(5.23,2.77)(5.23,2.77)]
[(2.75,2.75)(2.75,2.75)][(2.75,2.75)(2.75,2.75)][(2.75,5.25)(2.75,5.25)][(2.75,5.25)(2.75,5.25)][(5.25,5.25)(5.25,5.25)][(5.25,5.25)(5.25,5.25)][(5.25,2.75)(5.25,2.75)][(5.25,2.75)(5.25,2.75)]
[(2.73,2.73)(2.73,2.73)][(2.73,2.73)(2.73,2.73)][(2.73,5.27)(2.73,5.27)][(2.73,5.27)(2.73,5.27)][(5.27,5.27)(5.27,5.27)][(5.27,5.27)(5.27,5.27)][(5.27,2.73)(5.27,2.73)][(5.27,2.73)(5.27,2.73)]
[(2.71,2.71)(2.71,2.71)][(2.71,2.71)(2.71,2.71)][(2.71,5.29)(2.71,5.29)][(2.71,5.29)(2.71,5.29)][(5.29,5.29)(5.29,5.29)][(5.29,5.29)(5.29,5.29)][(5.29,2.71)(5.29,2.71)][(5.29,2.71)(5.29,2.71)]
[(2.69,2.69)(2.69,2.69)][(2.69,2.69)(2.69,2.69)][(2.69,5.31)(2.69,5.31)][(2.69,5.31)(2.69,5.31)][(5.31,5.31)(5.31,5.31)][(5.31,5.31)(5.31,5.31)][(5.31,2.69)(5.31,2.69)][(5.31,2.69)(5.31,2.69)]
[(2.67,2.67)(2.67,2.67)][(2.67,2.67)(2.67,2.67)][(2.67,5.33)(2.67,5.33)][(2.67,5.33)(2.67,5.33)][(5.33,5.33)(5.33,5.33)][(5.33,5.33)(5.33,5.33)][(5.33,2.67)(5.33,2.67)][(5.33,2.67)(5.33,2.67)]
[(2.65,2.65)(2.65,2.65)][(2.65,2.65)(2.65,2.65)][(2.65,5.35)(2.65,5.35)][(2.65,5.35)(2.65,5.35)][(5.35,5.35)(5.35,5.35)][(5.35,5.35)(5.35,5.35)][(5.35,2.65)(5.35,2.65)][(5.35,2.65)(5.35,2.65)]
[(2.63,2.63)(2.63,2.63)][(2.63,2.63)(2.63,2.63)][(2.63,5.37)(2.63,5.37)][(2.63,5.37)(2.63,5.37)][(5.37,5.37)(5.37,5.37)][(5.37,5.37)(5.37,5.37)][(5.37,2.63)(5.37,2.63)][(5.37,2.63)(5.37,2.63)]
[(2.61,2.61)(2.61,2.61)][(2.61,2.61)(2.61,2.61)][(2.61,5.39)(2.61,5.39)][(2.61,5.39)(2.61,5.39)][(5.39,5.39)(5.39,5.39)][(5.39,5.39)(5.39,5.39)][(5.39,2.61)(5.39,2.61)][(5.39,2.61)(5.39,2.61)]
[(2.59,2.59)(2.59,2.59)][(2.59,2.59)(2.59,2.59)][(2.59,5.41)(2.59,5.41)][(2.59,5.41)(2.59,5.41)][(5.41,5.41)(5.41,5.41)][(5.41,5.41)(5.41,5.41)][(5.41,2.59)(5.41,2.59)][(5.41,2.59)(5.41,2.59)]
[(2.57,2.57)(2.57,2.57)][(2.57,2.57)(2.57,2.57)][(2.57,5.43)(2.57,5.43)][(2.57,5.43)(2.57,5.43)][(5.43,5.43)(5.43,5.43)][(5.43,5.43)(5.43,5.43)][(5.43,2.57)(5.43,2.57)][(5.43,2.57)(5.43,2.57)]
[(2.55,2.55)(2.55,2.55)][(2.55,2.55)(2.55,2.55)][(2.55,5.45)(2.55,5.45)][(2.55,5.45)(2.55,5.45)][(5.45,5.45)(5.45,5.45)][(5.45,5.45)(5.45,5.45)][(5.45,2.55)(5.45,2.55)][(5.45,2.55)(5.45,2.55)]
[(2.53,2.53)(2.53,2.53)][(2.53,2.53)(2.53,2.53)][(2.53,5.47)(2.53,5.47)][(2.53,5.47)(2.53,5.47)][(5.47,5.47)(5.47,5.47)][(5.47,5.47)(5.47,5.47)][(5.47,2.53)(5.47,2.53)][(5.47,2.53)(5.47,2.53)]
[(2.51,2.51)(2.51,2.51)][(2.51,2.51)(2.51,2.51)][(2.51,5.49)(2.51,5.49)][(2.51,5.49)(2.51,5.49)][(5.49,5.49)(5.49,5.49)][(5.49,5.49)(5.49,5.49)][(5.49,2.51)(5.49,2.51)][(5.49,2.51)(5.49,2.51)]
[(2.48,2.48)(2.48,2.48)][(2.48,2.48)(2.48,2.48)][(2.48,5.52)(2.48,5.52)][(2.48,5.52)(2.48,5.52)][(5.52,5.52)(5.52,5.52)][(5.52,5.52)(5.52,5.52)][(5.52,2.48)(5.52,2.48)][(5.52,2.48)(5.52,2.48)]
[(2.46,2.46)(2.46,2.46)][(2.46,2.46)(2.46,2.46)][(2.46,5.54)(2.46,5.54)][(2.46,5.54)(2.46,5.54)][(5.54,5.54)(5.54,5.54)][(5.54,5.54)(5.54,5.54)][(5.54,2.46)(5.54,2.46)][(5.54,2.46)(5.54,2.46)]
[(2.44,2.44)(2.44,2.44)][(2.44,2.44)(2.44,2.44)][(2.44,5.56)(2.44,5.56)][(2.44,5.56)(2.44,5.56)][(5.56,5.56)(5.56,5.56)][(5.56,5.56)(5.56,5.56)][(5.56,2.44)(5.56,2.44)][(5.56,2.44)(5.56,2.44)]
[(2.42,2.42)(2.42,2.42)][(2.42,2.42)(2.42,2.42)][(2.42,5.58)(2.42,5.58)][(2.42,5.58)(2.42,5.58)][(5.58,5.58)(5.58,5.58)][(5.58,5.58)(5.58,5.58)][(5.58,2.42)(5.58,2.42)][(5.58,2.42)(5.58,2.42)]
[(2.40,2.40)(2.40,2.40)][(2.40,2.40)(2.40,2.40)][(2.40,5.60)(2.40,5.60)][(2.40,5.60)(2.40,5.60)][(5.60,5.60)(5.60,5.60)][(5.60,5.60)(5.60,5.60)][(5.60,2.40)(5.60,2.40)][(5.60,2.40)(5.60,2.40)]
[(2.38,2.38)(2.38,2.38)][(2.38,2.38)(2.38,2.38)][(2.38,5.62)(2.38,5.62)][(2.38,5.62)(2.38,5.62)][(5.62,5.62)(5.62,5.62)][(5.62,5.62)(5.62,5.62)][(5.62,2.38)(5.62,2.38)][(5.62,2.38)(5.62,2.38)]
[(2.36,2.36)(2.36,2.36)][(2.36,2.36)(2.36,2.36)][(2.36,5.64)(2.36,5.64)][(2.36,5.64)(2.36,5.64)][(5.64,5.64)(5.64,5.64)][(5.64,5.64)(5.64,5.64)][(5.64,2.36)(5.64,2.36)][(5.64,2.36)(5.64,2.36)]
[(2.34,2.34)(2.34,2.34)][(2.34,2.34)(2.34,2.34)][(2.34,5.66)(2.34,5.66)][(2.34,5.66)(2.34,5.66)][(5.66,5.66)(5.66,5.66)][(5.66,5.66)(5.66,5.66)][(5.66,2.34)(5.66,2.34)][(5.66,2.34)(5.66,2.34)]
[(2.32,2.32)(2.32,2.32)][(2.32,2.32)(2.32,2.32)][(2.32,5.68)(2.32,5.68)][(2.32,5.68)(2.32,5.68)][(5.68,5.68)(5.68,5.68)][(5.68,5.68)(5.68,5.68)][(5.68,2.32)(5.68,2.32)][(5.68,2.32)(5.68,2.32)]
[(2.30,2.30)(2.30,2.30)][(2.30,2.30)(2.30,2.30)][(2.30,5.70)(2.30,5.70)][(2.30,5.70)(2.30,5.70)][(5.70,5.70)(5.70,5.70)][(5.70,5.70)(5.70,5.70)][(5.70,2.30)(5.70,2.30)][(5.70,2.30)(5.70,2.30)]
[(2.28,2.28)(2.28,2.28)][(2.28,2.28)(2.28,2.28)][(2.28,5.72)(2.28,5.72)][(2.28,5.72)(2.28,5.72)][(5.72,5.72)(5.72,5.72)][(5.72,5.72)(5.72,5.72)][(5.72,2.28)(5.72,2.28)][(5.72,2.28)(5.72,2.28)]
[(2.26,2.26)(2.26,2.26)][(2.26,2.26)(2.26,2.26)][(2.26,5.74)(2.26,5.74)][(2.26,5.74)(2.26,5.74)][(5.74,5.74)(5.74,5.74)][(5.74,5.74)(5.74,5.74)][(5.74,2.26)(5.74,2.26)][(5.74,2.26)(5.74,2.26)]
[(2.24,2.24)(2.24,2.24)][(2.24,2.24)(2.24,2.24)][(2.24,5.76)(2.24,5.76)][(2.24,5.76)(2.24,5.76)][(5.76,5.76)(5.76,5.76)][(5.76,5.76)(5.76,5.76)][(5.76,2.24)(5.76,2.24)][(5.76,2.24)(5.76,2.24)]
[(2.22,2.22)(2.22,2.22)][(2.22,2.22)(2.22,2.22)][(2.22,5.78)(2.22,5.78)][(2.22,5.78)(2.22,5.78)][(5.78,5.78)(5.78,5.78)][(5.78,5.78)(5.78,5.78)][(5.78,2.22)(5.78,2.22)][(5.78,2.22)(5.78,2.22)]
[(2.20,2.20)(2.20,2.20)][(2.20,2.20)(2.20,2.20)][(2.20,5.80)(2.20,5.80)][(2.20,5.80)(2.20,5.80)][(5.80,5.80)(5.80,5.80)][(5.80,5.80)(5.80,5.80)][(5.80,2.20)(5.80,2.20)][(5.80,2.20)(5.80,2.20)]
[(2.18,2.18)(2.18,2.18)][(2.18,2.18)(2.18,2.18)][(2.18,5.82)(2.18,5.82)][(2.18,5.82)(2.18,5.82)][(5.82,5.82)(5.82,5.82)][(5.82,5.82)(5.82,5.82)][(5.82,2.18)(5.82,2.18)][(5.82,2.18)(5.82,2.18)]
[(2.16,2.16)(2.16,2.16)][(2.16,2.16)(2.16,2.16)][(2.16,5.84)(2.16,5.84)][(2.16,5.84)(2.16,5.84)][(5.84,5.84)(5.84,5.84)][(5.84,5.84)(5.84,5.84)][(5.84,2.16)(5.84,2.16)][(5.84,2.16)(5.84,2.16)]
[(2.14,2.14)(2.14,2.14)][(2.14,2.14)(2.14,2.14)][(2.14,5.86)(2.14,5.86)][(2.14,5.86)(2.14,5.86)][(5.86,5.86)(5.86,5.86)][(5.86,5.86)(5.86,5.86)][(5.86,2.14)(5.86,2.14)][(5.86,2.14)(5.86,2.14)]
[(2.12,2.12)(2.12,2.12)][(2.12,2.12)(2.12,2.12)][(2.12,5.88)(2.12,5.88)][(2.12,5.88)(2.12,5.88)][(5.88,5.88)(5.88,5.88)][(5.88,5.88)(5.88,5.88)][(5.88,2.12)(5.88,2.12)][(5.88,2.12)(5.88,2.12)]
[(2.10,2.10)(2.10,2.10)][(2.10,2.10)(2.10,2.10)][(2.10,5.90)(2.10,5.90)][(2.10,5.90)(2.10,5.90)][(5.90,5.90)(5.90,5.90)][(5.90,5.90)(5.90,5.90)][(5.90,2.10)(5.90,2.10)][(5.90,2.10)(5.90,2.10)]
[(2.08,2.08)(2.08,2.08)][(2.08,2.08)(2.08,2.08)][(2.08,5.92)(2.08,5.92)][(2.08,5.92)(2.08,5.92)][(5.92,5.92)(5.92,5.92)][(5.92,5.92)(5.92,5.92)][(5.92,2.08)(5.92,2.08)][(5.92,2.08)(5.92,2.08)]
[(2.06,2.06)(2.06,2.06)][(2.06,2.06)(2.06,2.06)][(2.06,5.94)(2.06,5.94)][(2.06,5.94)(2.06,5.94)][(5.94,5.94)(5.94,5.94)][(5.94,5.94)(5.94,5.94)][(5.94,2.06)(5.94,2.06)][(5.94,2.06)(5.94,2.06)]
[(2.04,2.04)(2.04,2.04)][(2.04,2.04)(2.04,2.04)][(2.04,5.96)(2.04,5.96)][(2.04,5.96)(2.04,5.96)][(5.96,5.96)(5.96,5.96)][(5.96,5.96)(5.96,5.96)][(5.96,2.04)(5.96,2.04)][(5.96,2.04)(5.96,2.04)]
[(2.02,2.02)(2.02,2.02)][(2.02,2.02)(2.02,2.02)][(2.02,5.98)(2.02,5.98)][(2.02,5.98)(2.02,5.98)][(5.98,5.98)(5.98,5.98)][(5.98,5.98)(5.98,5.98)][(5.98,2.02)(5.98,2.02)][(5.98,2.02)(5.98,2.02)]
[(2.00,2.00)(2.00,2.00)][(2.00,2.00)(2.00,2.00)][(2.00,6.00)(2.00,6.00)][(2.00,6.00)(2.00,6.00)][(6.00,6.00)(6.00,6.00)][(6.00,6.00)(6.00,6.00)][(6.00,2.00)(6.00,2.00)][(6.00,2.00)(6.00,2.00)]
