1
[(3.00,5.00)(5.00,5.00)]
[(3.00,5.00)(14.90,5.00)]
[(3.00,5.00)(24.80,5.00)]
[(3.00,5.00)(34.70,5.00)]
[(3.00,5.00)(44.60,5.00)]
[(3.00,5.00)(54.50,5.00)]
[(3.00,5.00)(64.40,5.00)]
[(3.00,5.00)(74.30,5.00)]
[(3.00,5.00)(84.20,5.00)]
[(3.00,5.00)(94.10,5.00)]
[(3.00,5.00)(104.00,5.00)]
[(3.00,5.00)(113.90,5.00)]
[(3.00,5.00)(123.80,5.00)]
[(3.00,5.00)(133.70,5.00)]
[(3.00,5.00)(143.60,5.00)]
[(3.00,5.00)(153.50,5.00)]
[(3.00,5.00)(163.40,5.00)]
[(3.00,5.00)(173.30,5.00)]
[(3.00,5.00)(183.20,5.00)]
[(3.00,5.00)(193.10,5.00)]
[(3.00,5.00)(203.00,5.00)]
[(3.00,5.00)(212.90,5.00)]
[(3.00,5.00)(222.80,5.00)]
[(3.00,5.00)(232.70,5.00)]
[(3.00,5.00)(242.60,5.00)]
[(3.00,5.00)(252.50,5.00)]
[(3.00,5.00)(262.40,5.00)]
[(3.00,5.00)(272.30,5.00)]
[(3.00,5.00)(282.20,5.00)]
[(3.00,5.00)(292.10,5.00)]
[(3.00,5.00)(302.00,5.00)]
[(3.00,5.00)(311.90,5.00)]
[(3.00,5.00)(321.80,5.00)]
[(3.00,5.00)(331.70,5.00)]
[(3.00,5.00)(341.60,5.00)]
[(3.00,5.00)(351.50,5.00)]
[(3.00,5.00)(361.40,5.00)]
[(3.00,5.00)(371.30,5.00)]
[(3.00,5.00)(381.20,5.00)]
[(3.00,5.00)(391.10,5.00)]
[(3.00,5.00)(401.00,5.00)]
[(3.00,5.00)(410.90,5.00)]
[(3.00,5.00)(420.80,5.00)]
[(3.00,5.00)(430.70,5.00)]
[(3.00,5.00)(440.60,5.00)]
[(3.00,5.00)(450.50,5.00)]
[(3.00,5.00)(460.40,5.00)]
[(3.00,5.00)(470.30,5.00)]
[(3.00,5.00)(480.20,5.00)]
[(3.00,5.00)(490.10,5.00)]
[(3.00,5.00)(500.00,5.00)]
[(3.00,5.00)(489.90,5.00)]
[(3.00,5.00)(479.80,5.00)]
[(3.00,5.00)(469.69,5.00)]
[(3.00,5.00)(459.59,5.00)]
[(3.00,5.00)(449.49,5.00)]
[(3.00,5.00)(439.39,5.00)]
[(3.00,5.00)(429.29,5.00)]
[(3.00,5.00)(419.18,5.00)]
[(3.00,5.00)(409.08,5.00)]
[(3.00,5.00)(398.98,5.00)]
[(3.00,5.00)(388.88,5.00)]
[(3.00,5.00)(378.78,5.00)]
[(3.00,5.00)(368.67,5.00)]
[(3.00,5.00)(358.57,5.00)]
[(3.00,5.00)(348.47,5.00)]
[(3.00,5.00)(338.37,5.00)]
[(3.00,5.00)(328.27,5.00)]
[(3.00,5.00)(318.16,5.00)]
[(3.00,5.00)(308.06,5.00)]
[(3.00,5.00)(297.96,5.00)]
[(3.00,5.00)(287.86,5.00)]
[(3.00,5.00)(277.76,5.00)]
[(3.00,5.00)(267.65,5.00)]
[(3.00,5.00)(257.55,5.00)]
[(3.00,5.00)(247.45,5.00)]
[(3.00,5.00)(237.35,5.00)]
[(3.00,5.00)(227.24,5.00)]
[(3.00,5.00)(217.14,5.00)]
[(3.00,5.00)(207.04,5.00)]
[(3.00,5.00)(196.94,5.00)]
[(3.00,5.00)(186.84,5.00)]
[(3.00,5.00)(176.73,5.00)]
[(3.00,5.00)(166.63,5.00)]
[(3.00,5.00)(156.53,5.00)]
[(3.00,5.00)(146.43,5.00)]
[(3.00,5.00)(136.33,5.00)]
[(3.00,5.00)(126.22,5.00)]
[(3.00,5.00)(116.12,5.00)]
[(3.00,5.00)(106.02,5.00)]
[(3.00,5.00)(95.92,5.00)]
[(3.00,5.00)(85.82,5.00)]
[(3.00,5.00)(75.71,5.00)]
[(3.00,5.00)(65.61,5.00)]
[(3.00,5.00)(55.51,5.00)]
[(3.00,5.00)(45.41,5.00)]
[(3.00,5.00)(35.31,5.00)]
[(3.00,5.00)(25.20,5.00)]
[(3.00,5.00)(15.10,5.00)]
[(3.00,5.00)(5.00,5.00)]
