3
[(7,4)(7,8)][(8,4)(8,8)][(1,7)(14,1)]
[(7,4)(7,8)][(8,4)(8,8)][(2,7)(14.1,1)]
[(7,4)(7,8)][(8,4)(8,8)][(3,7)(14.2,1)]
[(7,4)(7,8)][(8,4)(8.2,8)][(4,7)(14.3,1)]
[(7,4)(7,8)][(8,4)(8.6,7.8)][(5,7)(14.4,1)]
[(7,4)(7,8)][(8,4)(9.2,7.6)][(6,7)(14.5,1)]
[(7,4)(7,8)][(8,4)(9.4,7.4)][(7,7)(14.5,1)]
[(7,4)(7,8)][(8,4)(9.6,7.0)][(8,7)(14.6,1)]
[(7,4)(7,8)][(8,4)(9.8,6.5)][(9,7)(14.6,1)]
[(7,4)(7,8)][(8,4)(10,6)][(10,7)(14.7,1)]
[(7,4)(7,8)][(8,4)(10,5.5)][(11,7)(14.8,1)]
[(7,4)(7,8)][(8,4)(10,5)][(12,7)(14.9,1)]
[(7,4)(7,8)][(8,4)(10,4.5)][(13,7)(14.9,1)]
[(7,4)(7,8)][(8,4)(10,4)][(14,7)(15,1)]